Round,Rank,Value,Name,Inj,Team,Pos,g,m/g,p/g,3/g,r/g,a/g,s/g,b/g,fg%,fga/g,ft%,fta/g,to/g,pV,3V,rV,aV,sV,bV,fg%V,ft%V,toV
1,1,1.195236615,Anthony Davis,Probable - left hip injury,NOR,F,68,36.09803922,24.35294118,0.014705882,10.20588235,2.176470588,1.470588235,2.941176471,0.535446205,17.63235294,0.804772234,6.779411765,1.397058824,2.205643438,-1.175515265,1.799622375,-0.353155249,1.096100738,3.807019747,2.305312148,0.575018947,0.497082656
1,2,1.002677306,Stephen Curry,,GSW,G,80,32.66541667,23.75,3.575,4.275,7.7375,2.0375,0.2125,0.486950037,16.7625,0.913946588,4.2125,3.1125,2.076042677,3.041061669,-0.532740364,2.284096841,2.419342541,-0.776644949,0.721721778,1.592385298,-1.801169736
1,3,0.860480054,James Harden,,HOU,G,81,36.80041152,27.37037037,2.567901235,5.679012346,6.975308642,1.901234568,0.740740741,0.440136054,18.14814815,0.867718447,10.17283951,3.962962963,2.854232611,1.848320484,0.01939773,1.922636651,2.101282258,0.110700421,-0.757099439,2.585422343,-2.940572571
1,4,0.820306049,Chris Paul,,LAC,G,82,34.8449187,19.07317073,1.695121951,4.585365854,10.2195122,1.902439024,0.182926829,0.485055508,14.2804878,0.900311526,3.914634146,2.317073171,1.070769434,0.814658412,-0.410686729,3.461161619,2.104093608,-0.82632233,0.568462612,1.336119057,-0.735501243
1,5,0.739422125,Kevin Durant,,OKC,F,27,33.80061728,25.40740741,2.37037037,6.592592593,4.074074074,0.888888889,0.925925926,0.509635974,17.2962963,0.85380117,6.333333333,2.740740741,2.432298427,1.61437799,0.378669825,0.546760646,-0.2616571,0.4217768,1.454046784,1.371633175,-1.303107419
1,6,0.577655628,Kawhi Leonard,,SAS,F,64,31.76432292,16.515625,1.046875,7.203125,2.515625,2.3125,0.75,0.479318735,12.84375,0.801587302,3.9375,1.515625,0.521031109,0.046917587,0.618766147,-0.192315301,3.061226372,0.12625424,0.379701507,0.299084684,0.338234307
1,7,0.565666713,Russell Westbrook,,OKC,G,67,34.35547264,28.14925373,1.28358209,7.313432836,8.582089552,2.089552239,0.208955224,0.426240653,21.95522388,0.834862385,9.76119403,4.388059701,3.021651723,0.327257812,0.662145508,2.684633396,2.54083887,-0.782599508,-1.471477196,1.618643281,-3.510093467
1,8,0.530992767,Jimmy Butler,Questionable - illness,CHI,G,65,38.66846154,20.01538462,1.123076923,5.830769231,3.261538462,1.753846154,0.553846154,0.461622807,14.03076923,0.833693305,7.123076923,1.430769231,1.273296051,0.137166106,0.079077232,0.161425291,1.757259567,-0.203247432,-0.035996605,1.158035363,0.451919333
1,9,0.480766429,Klay Thompson,,GSW,G,77,31.87748918,21.66233766,3.103896104,3.207792208,2.87012987,1.12987013,0.779220779,0.463076923,16.88311688,0.87890625,3.324675325,1.935064935,1.627304661,2.483117365,-0.952427612,-0.02419558,0.300822763,0.175339669,-0.002403792,0.943048305,-0.223707919
1,10,0.45112532,DeMarcus Cousins,,SAC,C,59,34.12118644,24.08474576,0.033898305,12.66101695,3.559322034,1.525423729,1.762711864,0.467166979,18.06779661,0.781885397,9.169491525,4.305084746,2.147995476,-1.152785029,2.76512196,0.30264561,1.224093526,1.827420234,0.129913171,0.214651183,-3.39892825
1,11,0.43712927,Kyrie Irving,,CLE,G,75,36.39844444,21.70666667,2.093333333,3.186666667,5.2,1.52,0.266666667,0.468016194,16.46666667,0.863013699,4.866666667,2.48,1.636833074,1.286273642,-0.960735385,1.080717632,1.211433876,-0.685655109,0.145227415,1.173849804,-0.95378152
1,12,0.396939217,LeBron James,,CLE,F,69,36.13647343,25.26086957,1.739130435,6.072463768,7.376811594,1.579710145,0.710144928,0.4875,18.55072464,0.710227273,7.652173913,3.942028986,2.400800469,0.86677915,0.174125371,2.113044653,1.3508047,0.059305194,0.815333579,-1.29521377,-2.912526396
2,13,0.395458394,Pau Gasol,,CHI,C,78,34.36858974,18.53846154,0.153846154,11.78205128,2.692307692,0.320512821,1.884615385,0.493934142,14.79487179,0.803278689,4.692307692,2.025641026,0.955834975,-1.010726728,2.419462301,-0.108525634,-1.588316767,2.032195285,0.82596844,0.378290392,-0.345056713
2,14,0.392697184,LaMarcus Aldridge,,POR,F,71,35.37488263,23.3943662,0.521126761,10.22535211,1.746478873,0.676056338,0.957746479,0.465724382,19.92957746,0.845303867,5.098591549,1.718309859,1.999600043,-0.575743863,1.807279,-0.557073708,-0.758434457,0.475229361,0.089508899,0.98722094,0.06668844
2,15,0.359169351,Paul Millsap,,ATL,F,73,32.73356164,16.68493151,1.054794521,7.808219178,3.054794521,1.780821918,0.945205479,0.476344086,12.73972603,0.756676558,4.616438356,2.273972603,0.557423137,0.056296944,0.856723845,0.063379435,1.820224319,0.454162834,0.308204786,-0.206133631,-0.677757506
2,16,0.336494587,Damian Lillard,,POR,G,82,35.66565041,20.97560976,2.390243902,4.609756098,6.170731707,1.182926829,0.256097561,0.433823529,16.58536585,0.864321608,4.853658537,2.707317073,1.479694143,1.637914887,-0.401095087,1.541075604,0.424663627,-0.703409224,-0.879832241,1.187767825,-1.258328254
2,17,0.330161257,Al Horford,,ATL,F,76,30.50285088,15.21052632,0.144736842,7.157894737,3.210526316,0.894736842,1.276315789,0.537823834,12.69736842,0.758865248,1.855263158,1.315789474,0.240503275,-1.021515195,0.600979016,0.137233388,-0.248007257,1.010366054,1.719539591,-0.073610357,0.605962798
2,18,0.307226859,Serge Ibaka,,OKC,F,64,33.05885417,14.328125,1.203125,7.78125,0.875,0.46875,2.421875,0.475826972,12.28125,0.836363636,1.71875,1.515625,0.050833226,0.231969755,0.846118019,-0.970362203,-1.242312954,2.934690673,0.286243818,0.289627089,0.338234307
2,19,0.29682599,Marc Gasol,,MEM,C,81,33.17345679,17.44444444,0.037037037,7.777777778,3.790123457,0.87654321,1.617283951,0.494402985,13.2345679,0.795454545,5.432098765,2.160493827,0.720678622,-1.149067722,0.844752542,0.412100442,-0.290473433,1.583128615,0.75190377,0.32413605,-0.525724973
2,20,0.289402827,Draymond Green,,GSW,F,79,31.51940928,11.65822785,1.405063291,8.189873418,3.683544304,1.556962025,1.265822785,0.443137255,9.683544304,0.66,2.53164557,1.683544304,-0.523054768,0.471132114,1.006812158,0.361556545,1.29770779,0.992739774,-0.343355564,-0.772178002,0.113265392
2,21,0.285535602,Tim Duncan,,SAS,F,77,28.91969697,13.8961039,0.025974026,9.155844156,2.987012987,0.818181818,1.948051948,0.511599512,10.63636364,0.739549839,4.038961039,1.714285714,-0.042028674,-1.162170021,1.386687196,0.031234848,-0.426696101,2.138756813,0.938589371,-0.366632783,0.072079765
2,22,0.262712655,Nikola Vucevic,,ORL,C,74,34.17094595,19.2972973,0.027027027,10.94594595,2,0.72972973,0.72972973,0.523217247,16.2972973,0.752293578,2.945945946,2,1.118944903,-1.160922916,2.09065778,-0.436844327,-0.633154158,0.092203988,1.771500147,-0.167267229,-0.310704297
2,23,0.238441196,Danny Green,,SAS,G,81,28.5372428,11.67901235,2.358024691,4.234567901,1.950617284,1.24691358,1.074074074,0.436906377,9.098765432,0.874015748,1.567901235,1.148148148,-0.51858719,1.599756584,-0.548640582,-0.460263493,0.574016576,0.670637903,-0.424147976,0.422639647,0.830559294
2,24,0.230462717,Brook Lopez,,BKN,C,72,29.17060185,17.16666667,0.013888889,7.416666667,0.694444444,0.597222222,1.75,0.51266464,13.70833333,0.813868613,3.805555556,1.444444444,0.660970955,-1.176482858,0.702742964,-1.055988529,-0.942442982,1.806066686,1.231107453,0.414592718,0.433598045
3,25,0.216521341,Rudy Gay,,SAC,F,68,35.41568627,21.05882353,1.161764706,5.867647059,3.676470588,1.044117647,0.602941176,0.455197133,16.41176471,0.857506361,5.779411765,2.691176471,1.497580744,0.182985358,0.093579707,0.35820192,0.100665919,-0.120777002,-0.23582085,1.308980253,-1.236703975
3,26,0.212737324,Jrue Holiday,,NOR,G,40,32.57458333,14.8,1.275,3.4,6.825,1.575,0.55,0.446529081,13.325,0.855263158,1.9,2.275,0.152261627,0.317093753,-0.876840496,1.851354564,1.339810642,-0.209708249,-0.397188121,0.416986149,-0.679133956
3,27,0.211965826,John Wall,Probable - wrist,WAS,G,79,35.90548523,17.53164557,0.82278481,4.632911392,10.01265823,1.734177215,0.582278481,0.444635193,14.74683544,0.784530387,4.582278481,3.848101266,0.739422295,-0.218480016,-0.391989099,3.363063584,1.711349845,-0.155486455,-0.491937718,0.138437273,-2.786687277
3,28,0.21148589,Blake Griffin,Injured - knee,LAC,F,67,35.16144279,21.92537313,0.149253731,7.582089552,5.268656716,0.940298507,0.52238806,0.501748252,17.07462687,0.728337237,6.373134328,2.268656716,1.683843505,-1.01616569,0.767796721,1.113277263,-0.141660725,-0.25609113,1.191972408,-0.768963767,-0.670635578
3,29,0.211146529,Jeff Teague,,ATL,G,73,30.51849315,15.91780822,0.97260274,2.520547945,7.02739726,1.712328767,0.424657534,0.459977452,12.15068493,0.862068966,4.369863014,2.808219178,0.392531825,-0.041045567,-1.22269143,1.947339059,1.660352879,-0.420260083,-0.065032529,1.042635876,-1.393511265
3,30,0.208235315,Carmelo Anthony,,NYK,F,40,35.69041667,24.15,1.525,6.6,3.05,1,0.425,0.444168734,20.15,0.797468354,5.925,2.225,2.162021718,0.613177222,0.381582842,0.061105691,-0.002310097,-0.419684805,-0.695502534,0.385874539,-0.612146745
3,31,0.206214405,Kyle Lowry,,TOR,G,70,34.49095238,17.77142857,1.885714286,4.685714286,6.757142857,1.557142857,0.185714286,0.412272291,14.9,0.807692308,4.457142857,2.471428571,0.790963077,1.04038337,-0.371223976,1.819174121,1.298129874,-0.821639926,-1.369625982,0.412067086,-0.942297998
3,32,0.193835901,George Hill,,IND,G,43,29.46782946,16.09302326,1.604651163,4.162790698,5.11627907,1.023255814,0.325581395,0.476635514,12.44186047,0.79020979,3.325581395,1.604651163,0.430193877,0.707510792,-0.576867491,1.041013976,0.051971834,-0.586689414,0.3079617,0.150465818,0.218962021
3,33,0.193361907,Kevin Love,,CLE,F,75,33.75711111,16.37333333,1.92,9.72,2.24,0.68,0.533333333,0.433823529,12.69333333,0.803738318,4.28,1.626666667,0.490445856,1.080989103,1.608545596,-0.32302718,-0.749229465,-0.237705123,-0.669319301,0.350090796,0.189466877
3,34,0.18216657,Hassan Whiteside,,MIA,C,48,23.79652778,11.75,0,10.02083333,0.125,0.583333333,2.541666667,0.627906977,8.0625,0.5,3.25,1.208333333,-0.503328563,-1.19293194,1.726850498,-1.326040788,-0.974861357,3.135918206,2.412155305,-2.388188772,0.74992654
3,35,0.177530917,Kyle Korver,,ATL,G,75,32.23688889,12.14666667,2.946666667,4.053333333,2.613333333,0.72,0.56,0.486666667,8,0.898305085,1.573333333,1.426666667,-0.418066014,2.296905216,-0.619912397,-0.145978285,-0.655864544,-0.192910124,0.349356624,0.526832058,0.45741572
3,36,0.174752421,Trevor Ariza,,HOU,F,82,35.73353659,12.7804878,2.365853659,5.597560976,2.548780488,1.853658537,0.207317073,0.402640264,11.08536585,0.853146853,1.743902439,1.719512195,-0.281827679,1.609028695,-0.012633615,-0.176591705,1.990233948,-0.785351294,-1.207740915,0.372576735,0.065077617
4,37,0.165988813,Tyson Chandler,,DAL,C,75,30.50355556,10.28,0,11.53333333,1.12,0.56,1.213333333,0.665909091,5.866666667,0.719844358,3.426666667,1.4,-0.81930154,-1.19293194,2.321652154,-0.854173866,-1.029324228,0.90456734,2.163245728,-0.492976564,0.493142232
4,38,0.165125509,Gordon Hayward,,UTA,F,76,34.44122807,19.25,1.578947368,4.894736842,4.131578947,1.421052632,0.394736842,0.44526219,14.30263158,0.811688312,6.078947368,2.710526316,1.108778462,0.677068918,-0.289024331,0.574031649,0.980478545,-0.470521234,-0.460376097,0.628321489,-1.262627818
4,39,0.160696935,Wesley Matthews,,POR,G,60,33.73694444,15.93333333,2.883333333,3.7,2.316666667,1.283333333,0.166666667,0.447543161,12.55,0.751724138,2.416666667,1.35,0.395868911,2.221897404,-0.758863308,-0.286668925,0.65902476,-0.853636353,-0.350059523,-0.141419998,0.560129443
4,40,0.132582248,DeAndre Jordan,,LAC,C,82,34.39065041,11.53658537,0.012195122,14.95121951,0.743902439,1,2.219512195,0.709737828,6.512195122,0.397027601,5.743902439,1.329268293,-0.549201528,-1.178488844,3.66576082,-1.032533663,-0.002310097,2.594759115,2.915756295,-5.808406492,0.587904628
4,41,0.132379645,Chris Bosh,,MIA,F,44,35.36363636,21.09090909,1.431818182,7.045454545,2.159090909,0.931818182,0.545454545,0.460402685,16.93181818,0.771551724,5.272727273,2.159090909,1.504477459,0.502818838,0.556761091,-0.361397355,-0.161454849,-0.21734376,-0.084379633,-0.024219561,-0.523845422
4,42,0.123465404,Derrick Favors,,UTA,F,74,30.80585586,16.04054054,0.013513514,8.202702703,1.513513514,0.810810811,1.662162162,0.525054466,12.40540541,0.668674699,4.486486486,1.635135135,0.418912843,-1.176927428,1.011857368,-0.66755476,-0.443900939,1.658515593,1.393806177,-1.261641509,0.178121295
4,43,0.120422528,Marcin Gortat,,WAS,C,82,29.91158537,12.20731707,0,8.743902439,1.182926829,0.597560976,1.341463415,0.566451613,9.451219512,0.702857143,2.134146341,1.219512195,-0.405029355,-1.19293194,1.224688111,-0.824331565,-0.94165229,1.119801845,1.773842984,-0.405534766,0.734949725
4,44,0.119658056,Dirk Nowitzki,,DAL,F,77,29.63246753,17.31168831,1.350649351,5.935064935,1.857142857,0.506493506,0.428571429,0.458568738,13.79220779,0.882352941,3.753246753,1.064935065,0.69214301,0.406687841,0.120092278,-0.504592629,-1.154214966,-0.413685474,-0.111298365,1.099747267,0.942043541
4,45,0.118696472,Rudy Gobert,,UTA,C,82,26.32215447,8.365853659,0,9.463414634,1.304878049,0.780487805,2.292682927,0.604215457,5.207317073,0.622710623,3.329268293,1.353658537,-1.230742709,-1.19293194,1.507641529,-0.766497649,-0.514678566,2.717672221,1.340843793,-1.348266376,0.55522794
4,46,0.117364785,Darren Collison,,SAC,G,45,34.77148148,16.11111111,1.333333333,3.177777778,5.577777778,1.488888889,0.311111111,0.472727273,12.22222222,0.788043478,4.088888889,2.488888889,0.434081818,0.386179895,-0.964231005,1.259874252,1.138816715,-0.610996778,0.216409715,0.161838813,-0.965690358
4,47,0.11713402,Eric Bledsoe,,PHO,G,81,34.5627572,17,1.086419753,5.234567901,6.098765432,1.567901235,0.555555556,0.446991404,12.92592593,0.800453515,5.444444444,3.382716049,0.625146354,0.093751778,-0.155383289,1.506946454,1.32324125,-0.200375958,-0.373964717,0.398034431,-2.163190125
4,48,0.110689665,Al Jefferson,,CHA,C,65,30.64307692,16.61538462,0.030769231,8.446153846,1.738461538,0.723076923,1.307692308,0.480673935,15.52307692,0.654545455,2.538461538,1.046153846,0.542474199,-1.156490897,1.107596306,-0.560875833,-0.648682627,1.06307272,0.493373884,-0.811466332,0.96720557
5,49,0.098850847,Gorgui Dieng,,MIN,F,73,30.04200913,9.726027397,0.01369863,8.356164384,2,0.97260274,1.712328767,0.505859375,7.01369863,0.782786885,3.342465753,1.726027397,-0.938376624,-1.176708188,1.072207293,-0.436844327,-0.066258673,1.74278608,0.551947874,0.084555272,0.056348913
5,50,0.095999565,Khris Middleton,Injured - torn hamstring,MIL,G,79,30.10295359,13.35443038,1.379746835,4.392405063,2.303797468,1.544303797,0.139240506,0.467203682,11,0.858974359,1.974683544,1.430379747,-0.158460099,0.441148978,-0.486569967,-0.292771989,1.268161929,-0.899707159,0.086567862,0.453185385,0.452441142
5,51,0.090769466,Tobias Harris,,ORL,F,68,34.84044118,17.11764706,1.279411765,6.323529412,1.808823529,1.014705882,0.529411765,0.465753425,13.95588235,0.787755102,3.602941176,1.691176471,0.650434308,0.322318755,0.272858767,-0.527507496,0.032015242,-0.244292623,0.06858029,0.13947771,0.10304024
5,52,0.082950805,Mike Conley,,MEM,G,70,31.785,15.81428571,1.528571429,2.985714286,5.357142857,1.271428571,0.2,0.445578231,12.6,0.859437751,3.557142857,2.228571429,0.37027991,0.617406986,-1.039761374,1.155240764,0.631237581,-0.797642605,-0.396314752,0.823042281,-0.616931546
5,53,0.079535279,Kemba Walker,,CHA,G,62,34.17123656,17.33870968,1.370967742,3.548387097,5.129032258,1.435483871,0.5,0.385321101,15.82258065,0.826855124,4.564516129,1.612903226,0.697951188,0.4307516,-0.818486188,1.047062024,1.014162833,-0.293698871,-2.227000275,0.657168835,0.207906367
5,54,0.074739924,DeMarre Carroll,,ATL,F,70,31.26452381,12.61428571,1.714285714,5.328571429,1.671428571,1.328571429,0.242857143,0.486983155,9.328571429,0.701657459,2.585714286,1.085714286,-0.317552421,0.837354706,-0.118415716,-0.592665421,0.764616039,-0.725650643,0.409853104,-0.499085031,0.9142047
5,55,0.066379526,Brandon Knight,,PHO,G,63,32.30449735,16.98412698,1.984126984,3.873015873,5.253968254,1.428571429,0.158730159,0.422297297,14.0952381,0.874439462,3.53968254,3,0.621734488,1.156936863,-0.690823554,1.106311435,0.998028342,-0.866968198,-1.039074218,0.961719092,-1.650448512
5,56,0.063848982,Nerlens Noel,,PHI,F,75,30.81666667,9.92,0,8.146666667,1.706666667,1.773333333,1.893333333,0.462480858,8.706666667,0.608695652,3.066666667,1.946666667,-0.896682678,-1.19293194,0.989820788,-0.575954173,1.802745042,2.046839803,-0.002279561,-1.35766517,-0.239251272
5,57,0.054020048,Greg Monroe,,DET,C,69,30.97318841,15.91304348,0,10.1884058,2.057971014,1.130434783,0.492753623,0.495896835,12.36231884,0.75,4.869565217,2.15942029,0.391507655,-1.19293194,1.792749592,-0.409352263,0.302140732,-0.305871425,0.736895308,-0.304670519,-0.524286708
5,58,0.049690819,Chandler Parsons,,DAL,F,66,33.1239899,15.71212121,2,4.893939394,2.454545455,1.045454545,0.287878788,0.462002413,12.56060606,0.720207254,2.924242424,1.454545455,0.348319895,1.175735813,-0.289337934,-0.221281549,0.103786404,-0.650022723,-0.021792099,-0.418255715,0.420065275
5,59,0.026430752,Victor Oladipo,,ORL,G,72,35.73333333,17.94444444,1.166666667,4.194444444,4.097222222,1.666666667,0.263888889,0.435543278,15.08333333,0.81875,4.444444444,2.833333333,0.828152424,0.188790916,-0.564419424,0.55773838,1.553771919,-0.690321254,-0.751660734,0.542982347,-1.427157809
5,60,0.023762178,JJ Redick,,LAC,G,78,30.88547009,16.37179487,2.564102564,2.141025641,1.769230769,0.5,0.102564103,0.476545842,12.02564103,0.901477833,2.602564103,1.217948718,0.490115168,1.84382159,-1.371941344,-0.546283892,-1.169371609,-0.961316638,0.296285192,0.895506753,0.737044384
6,61,0.021519883,Jonas Valanciunas,,TOR,C,80,26.19833333,12.0375,0,8.65,0.4875,0.425,1.1875,0.57208589,8.15,0.786231884,3.45,1.3625,-0.441531127,-1.19293194,1.187760292,-1.154129472,-1.344430836,0.861172185,1.615074801,0.119312403,0.54338264
6,62,0.00652662,Goran Dragic,,MIA,G,78,33.8465812,16.34615385,1.153846154,3.512820513,4.487179487,1,0.205128205,0.500998004,12.84615385,0.773504274,3,2.217948718,0.484603691,0.173607148,-0.832473006,0.742670977,-0.002310097,-0.789028182,0.883617412,0.000751472,-0.602699831
6,63,0.002954796,Kevin Martin,,MIN,G,39,33.39615385,20.02564103,1.923076923,3.666666667,2.282051282,0.846153846,0.025641026,0.4288,16.02564103,0.880829016,4.948717949,1.948717949,1.275500641,1.084633207,-0.771971884,-0.30308486,-0.361405947,-1.09053298,-0.995206308,1.430660764,-0.241999465
6,64,-0.0029905,Monta Ellis,,DAL,G,80,33.74041667,18.9125,1.0125,2.375,4.1125,1.85,0.3125,0.444608567,16.925,0.752475248,3.7875,2.475,1.036233646,0.00620611,-1.279929221,0.564983685,1.981694473,-0.608663705,-0.567960522,-0.212396166,-0.947082799
6,65,-0.007589202,Zach Randolph,,MEM,F,71,32.44600939,16.09859155,0.098591549,10.52112676,2.154929577,0.971830986,0.197183099,0.487124464,13.12676056,0.765100671,4.197183099,2.211267606,0.431390768,-1.076166628,1.923594537,-0.363370817,-0.068060041,-0.802374471,0.573064028,-0.092631348,-0.593748849
6,66,-0.012351463,Robert Covington,,PHI,F,70,27.94166667,13.47142857,2.385714286,4.514285714,1.5,1.385714286,0.442857143,0.395502646,10.8,0.820276498,3.1,1.828571429,-0.133311618,1.632550308,-0.438639512,-0.673963383,0.897994498,-0.389688154,-1.31566973,0.390598281,-0.08103386
6,67,-0.017749067,Ty Lawson,,DEN,G,75,35.53888889,15.24,0.933333333,3.12,9.6,1.226666667,0.12,0.436285097,12.34666667,0.730027548,4.84,2.466666667,0.246838572,-0.087553655,-0.986952538,3.167365325,0.526757788,-0.932027601,-0.595583843,-0.562667391,-0.935918264
6,68,-0.025470385,Terrence Jones,,HOU,F,33,26.95353535,11.6969697,0.393939394,6.666666667,1.090909091,0.545454545,1.787878788,0.528428094,9.060606061,0.606382979,2.848484848,1.121212121,-0.5147273,-0.72637617,0.407799995,-0.867969884,-1.063275108,1.869695946,1.077951815,-1.278979433,0.86664668
6,69,-0.030939099,Nicolas Batum,,POR,F,71,33.52276995,9.352112676,1.408450704,5.85915493,4.802816901,1.098591549,0.563380282,0.40066778,8.436619718,0.857142857,1.38028169,1.85915493,-1.018748697,0.475143943,0.090240115,0.892358269,0.227814708,-0.187231885,-0.945149764,0.309129345,-0.122007928
6,70,-0.043817148,Markieff Morris,,PHO,F,82,31.47174797,15.34146341,0.695121951,6.170731707,2.329268293,1.231707317,0.475609756,0.465454545,13.41463415,0.762931034,2.829268293,2.073170732,0.26864789,-0.369675465,0.212769955,-0.280692754,0.538523287,-0.334669906,0.059335521,-0.0798585,-0.408734361
6,71,-0.044387059,Brandon Jennings,,DET,G,41,28.60528455,15.41463415,1.853658537,2.536585366,6.634146341,1.073170732,0.097560976,0.401473297,13.24390244,0.839160839,3.487804878,2.195121951,0.284375764,1.00241866,-1.216384597,1.760844485,0.168479393,-0.969720953,-1.474229792,0.616851313,-0.572117802
6,72,-0.046620659,Jared Sullinger,Injured - fifth metatarsal surgery,BOS,F,58,27.00632184,13.27586207,0.896551724,7.603448276,2.310344828,0.75862069,0.724137931,0.439886846,12.18965517,0.744186047,2.224137931,1.344827586,-0.175348169,-0.131115361,0.776196194,-0.289666982,-0.565719103,0.082810815,-0.508360232,-0.175442248,0.567059155
7,73,-0.053926859,Andrew Bogut,Questionable - hamstring strain,GSW,C,67,23.62014925,6.298507463,0,8.104477612,2.686567164,0.582089552,1.686567164,0.563380282,5.298507463,0.523809524,0.626865672,1.582089552,-1.675113819,-1.19293194,0.973229635,-0.111248011,-0.977764495,1.699511419,0.972578553,-0.422791884,0.249188808
7,74,-0.059343142,Isaiah Thomas,,BOS,G,67,25.76218905,16.43283582,1.925373134,2.28358209,4.23880597,0.850746269,0.074626866,0.420854271,11.88059701,0.867816092,5.194029851,2.134328358,0.503235773,1.087352688,-1.315879981,0.62488279,-0.350686668,-1.008245956,-0.904122945,1.320045961,-0.490669938
7,75,-0.063215579,JR Smith,Injured - right thumb surgery,CLE,G,70,29.70690476,12.1,2.328571429,3.114285714,2.785714286,1.171428571,0.314285714,0.417218543,10.78571429,0.75,1.028571429,1.385714286,-0.428096902,1.564874087,-0.989199722,-0.064228668,0.397825279,-0.60566404,-0.890157769,-0.066573907,0.512281435
7,76,-0.0675075,Lou Williams,,TOR,G,80,25.19395833,15.525,1.9,1.8875,2.05,1.1,0.125,0.404094828,11.6,0.860759494,4.9375,1.2625,0.308098639,1.057302425,-1.471642151,-0.413132422,0.231102205,-0.923628538,-1.234084028,1.161059305,0.677357062
7,77,-0.067746089,Andre Drummond,,DET,C,82,30.51077236,13.7804878,0,13.48780488,0.670731707,0.890243902,1.865853659,0.513513514,11.73170732,0.389041096,4.451219512,1.463414634,-0.066880076,-1.19293194,3.090262343,-1.067234013,-0.258494331,2.000679104,1.074095141,-4.59739387,0.408182843
7,78,-0.067785682,Thaddeus Young,,BKN,F,76,32.02587719,14.06578947,0.5,5.394736842,2.276315789,1.618421053,0.328947368,0.465838509,12.71052632,0.655,2.631578947,1.539473684,-0.005555166,-0.600765002,-0.092395685,-0.305804849,1.441160721,-0.581035211,0.065955499,-0.837914613,0.306283171
7,79,-0.081075126,Tyreke Evans,,NOR,G,79,34.04810127,16.62025316,0.873417722,5.291139241,6.582278481,1.265822785,0.481012658,0.4472103,14.74683544,0.694158076,3.683544304,3.113924051,0.543520682,-0.158513744,-0.133136197,1.736246769,0.618152985,-0.325594044,-0.42323467,-0.784040314,-1.8030776
7,80,-0.094785149,Danilo Gallinari,,DEN,F,59,24.16723164,12.44067797,1.813559322,3.694915254,1.406779661,0.796610169,0.338983051,0.401408451,9.627118644,0.895287958,3.237288136,0.966101695,-0.35486899,0.954927802,-0.760862921,-0.718172021,-0.477046983,-0.564177146,-1.068053023,1.060731966,1.074454977
7,81,-0.095710286,Ricky Rubio,,MIN,G,22,31.46060606,10.27272727,0.590909091,5.681818182,8.772727273,1.818181818,0.045454545,0.356164384,9.954545455,0.802816901,3.227272727,2.909090909,-0.820864796,-0.493098286,0.020501146,2.775041069,1.907426923,-1.057249983,-1.919790859,0.255295797,-1.528653583
7,82,-0.09856706,Bradley Beal,,WAS,G,63,33.45132275,15.3015873,1.682539683,3.841269841,3.079365079,1.19047619,0.253968254,0.427230047,13.52380952,0.78313253,2.634920635,1.952380952,0.260076615,0.799756805,-0.703307912,0.07503173,0.442284765,-0.70698606,-0.87556104,0.068508508,-0.246906953
7,83,-0.098827296,PJ Tucker,,PHO,F,78,30.55705128,9.141025641,1.115384615,6.435897436,1.551282051,1.371794872,0.294871795,0.437919463,7.641025641,0.727272727,1.833333333,1.230769231,-1.064121349,0.128055845,0.317048312,-0.64964348,0.865504873,-0.638275783,-0.339427036,-0.22845522,0.719868176
7,84,-0.100588326,DeMar DeRozan,,TOR,G,60,35.005,20.06666667,0.416666667,4.616666667,3.5,1.216666667,0.183333333,0.413131313,16.5,0.831797235,7.233333333,2.283333333,1.284319005,-0.699459491,-0.398377456,0.274512841,0.503416558,-0.825639479,-1.49290812,1.139139703,-0.690298491
8,85,-0.10121082,Wilson Chandler,,DEN,F,78,31.68119658,13.91025641,1.782051282,6.08974359,1.717948718,0.743589744,0.371794872,0.428717949,12.5,0.774647887,1.820512821,1.41025641,-0.038986625,0.917611763,0.180920787,-0.570603795,-0.60080318,-0.509059441,-0.774323701,0.004945548,0.479401266
8,86,-0.105363242,Enes Kanter,,OKC,C,75,28.47577778,15.50666667,0.213333333,8.946666667,0.746666667,0.48,0.386666667,0.519396552,12.37333333,0.782051282,3.12,1.933333333,0.304157933,-0.940274046,1.304426623,-1.031222761,-1.21605407,-0.484077615,1.263591541,0.072571234,-0.221388016
8,87,-0.111009622,Matt Barnes,,LAC,F,76,29.88377193,10.05263158,1.789473684,3.973684211,1.5,0.881578947,0.657894737,0.443910256,8.210526316,0.778947368,1.25,1.144736842,-0.868173838,0.926402365,-0.651234996,-0.673963383,-0.278719403,-0.028465327,-0.277020954,0.016959369,0.835129571
8,88,-0.114735452,Patrick Patterson,Questionable - knee,TOR,F,81,26.62078189,8,1.296296296,5.358024691,1.913580247,0.740740741,0.543209877,0.448598131,6.604938272,0.7875,0.987654321,0.666666667,-1.309382076,0.342315678,-0.106833006,-0.477827868,-0.607453103,-0.221114383,-0.163459664,0.035514033,1.475621323
8,89,-0.114986897,Luol Deng,,MIA,F,72,33.61921296,13.98611111,1.083333333,5.208333333,1.930555556,0.916666667,0.305555556,0.468274112,10.94444444,0.760956175,3.486111111,1.5,-0.022681839,0.090096426,-0.165700224,-0.469777529,-0.196820349,-0.620329069,0.107412727,-0.116250029,0.359167811
8,90,-0.116534522,Jamal Crawford,,LAC,G,64,26.61015625,15.78125,1.859375,1.9375,2.46875,0.921875,0.21875,0.395709178,13.109375,0.900793651,3.9375,1.4375,0.363178963,1.009188862,-1.451979286,-0.214545212,-0.184663458,-0.766146122,-1.595788797,1.34904253,0.442901824
8,91,-0.122201582,Kenneth Faried,,DEN,F,75,27.812,12.61333333,0.013333333,8.906666667,1.186666667,0.826666667,0.76,0.506793478,9.813333333,0.690972222,3.84,1.573333333,-0.317757133,-1.177140821,1.288696331,-0.822557992,-0.406891421,0.143052365,0.781969607,-0.850105078,0.260919902
8,92,-0.122222095,Brandan Wright,Injured - ankle,PHO,C,75,19.31422222,7.253333333,0,4.28,0.546666667,0.666666667,1.253333333,0.641873278,4.84,0.696428571,1.493333333,0.453333333,-1.469876287,-1.19293194,-0.530774078,-1.126070384,-0.780351105,0.971759838,1.577226747,-0.310415067,1.761433423
8,93,-0.124635531,Giannis Antetokounmpo,,MIL,F,81,31.36563786,12.71604938,0.086419753,6.691358025,2.555555556,0.901234568,1.049382716,0.491025641,9.62962963,0.740634006,4.283950617,2.135802469,-0.295678564,-1.090582099,0.417510051,-0.173378709,-0.232840766,0.629161053,0.492950921,-0.376216797,-0.492644869
8,94,-0.128380382,Tony Allen,,MEM,G,63,26.15449735,8.555555556,0.158730159,4.444444444,1.365079365,2.031746032,0.476190476,0.494505495,7.222222222,0.626984127,2,1.365079365,-1.189966741,-1.004942436,-0.466105101,-0.73794789,2.405912071,-0.333694406,0.419491994,-0.78809788,0.539926951
8,95,-0.129548948,Dwyane Wade,,MIA,G,62,31.78817204,21.46774194,0.467741935,3.532258065,4.822580645,1.177419355,0.338709677,0.469557196,17.48387097,0.767567568,5.967741935,3.370967742,1.585476776,-0.63896932,-0.824829047,0.901730989,0.411808504,-0.564636362,0.201877795,-0.090949471,-2.147450398
8,96,-0.130361519,Joe Johnson,,BKN,F,80,34.88583333,14.425,1.5125,4.8,3.65,0.7375,0.175,0.435121951,12.8125,0.801136364,2.2,1.7125,0.071656276,0.598373048,-0.326280285,0.345648558,-0.615017391,-0.839637916,-0.645667233,0.163199106,0.074472165
9,97,-0.144818074,Patrick Beverley,,HOU,G,56,30.83452381,10.14285714,2.053571429,4.214285714,3.410714286,1.053571429,0.410714286,0.383458647,9.5,0.75,1.071428571,1.482142857,-0.848780069,1.239182271,-0.5566167,0.232170153,0.122732208,-0.443682125,-1.362229666,-0.069230548,0.383091815
9,98,-0.145708537,Anthony Morrow,,OKC,G,74,24.40022523,10.67567568,1.905405405,2.648648649,0.824324324,0.72972973,0.148648649,0.463414634,8.310810811,0.887640449,1.202702703,0.527027027,-0.734252002,1.06370423,-1.172314894,-0.99439454,-0.633154158,-0.883903244,0.012647945,0.367587103,1.662702723
9,99,-0.152293646,Ed Davis,,LAL,F,79,23.29198312,8.303797468,0,7.594936709,1.189873418,0.620253165,1.240506329,0.601279318,5.936708861,0.486772487,2.392405063,0.721518987,-1.244081538,-1.19293194,0.772848959,-0.821037228,-0.888685929,0.950212877,1.494705892,-1.843807149,1.402133244
9,100,-0.152854378,Langston Galloway,,NYK,G,45,32.38703704,11.84444444,1.377777778,4.222222222,3.333333333,1.133333333,0.266666667,0.399217221,11.35555556,0.807692308,1.733333333,1.355555556,-0.483027956,0.438816957,-0.55349561,0.195473156,0.308906306,-0.685655109,-1.307921884,0.158528321,0.55268642
9,101,-0.155421162,Kobe Bryant,,LAL,G,35,34.48190476,22.34285714,1.542857143,5.685714286,5.628571429,1.342857143,0.2,0.373071529,20.37142857,0.813278008,6.885714286,3.657142857,1.773580692,0.634326041,0.022033317,1.283962537,0.797960654,-0.797642605,-3.323664078,0.741504841,-2.530851853
9,102,-0.16104485,Robin Lopez,,POR,C,59,27.76101695,9.593220339,0,6.677966102,0.949152542,0.271186441,1.423728814,0.535469108,7.406779661,0.771653543,2.152542373,1.237288136,-0.966923183,-1.19293194,0.41224358,-0.935196242,-1.703450606,1.257992286,0.978691774,-0.010963831,0.711134511
9,103,-0.161829046,Jeff Green,,MEM,F,78,31.4715812,14.97435897,1.243589744,4.179487179,1.717948718,0.679487179,0.435897436,0.430196484,12.3974359,0.832752613,3.679487179,1.384615385,0.189739671,0.279893522,-0.570301477,-0.570603795,-0.750426451,-0.401379156,-0.734666463,0.587529056,0.513753682
9,104,-0.16701989,Deron Williams,,BKN,G,68,31.08872549,13.02941176,1.279411765,3.485294118,6.588235294,0.941176471,0.25,0.387305699,11.35294118,0.834024896,3.544117647,2.264705882,-0.228322071,0.322318755,-0.843297962,1.739071717,-0.139611451,-0.713651983,-1.552273695,0.577930153,-0.665342471
9,105,-0.172272285,Anderson Varejao,,CLE,C,26,24.44615385,9.807692308,0,6.538461538,1.384615385,0.730769231,0.615384615,0.555,7.692307692,0.733333333,1.730769231,1.346153846,-0.920822947,-1.19293194,0.357382393,-0.728683165,-0.630727834,-0.099874358,1.287562272,-0.187637292,0.565282305
9,106,-0.178448726,Reggie Jackson,,DET,G,77,29.45779221,14.50649351,0.935064935,4.246753247,5.974025974,0.805194805,0.116883117,0.43373494,12.93506494,0.830275229,2.831168831,2.415584416,0.089173109,-0.085502861,-0.543848606,1.447790249,-0.457009387,-0.93726338,-0.684467286,0.432570739,-0.867481113
9,107,-0.184354563,David West,,IND,F,66,28.71691919,11.65151515,0.060606061,6.803030303,3.378787879,0.727272727,0.727272727,0.470845481,10.39393939,0.739130435,2.439393939,1.818181818,-0.524497646,-1.121154129,0.461425989,0.217029434,-0.638889104,0.088076685,0.151230381,-0.225298239,-0.067114439
9,108,-0.185323894,CJ Miles,,IND,F,70,26.30119048,13.45714286,2.2,3.057142857,1.071428571,0.857142857,0.371428571,0.397823458,11.81428571,0.807453416,2.3,1.042857143,-0.136382298,1.412602588,-1.011671567,-0.877208289,-0.335756243,-0.509674757,-1.391244948,0.209798158,0.971622309
10,109,-0.186133782,Harrison Barnes,,GSW,F,82,28.27276423,10.08536585,1.06097561,5.524390244,1.414634146,0.743902439,0.231707317,0.481707317,8,0.72,1.829268293,0.865853659,-0.861137684,0.063617417,-0.041408539,-0.714447125,-0.600073311,-0.744380259,0.277577765,-0.263714004,1.208761703
10,110,-0.187084333,Ryan Anderson,,NOR,F,61,27.45327869,13.6557377,2,4.836065574,0.918032787,0.540983607,0.327868852,0.398630137,11.96721311,0.854304636,2.475409836,1.016393443,-0.093694811,1.175735813,-0.312097236,-0.949954416,-1.073710829,-0.582846915,-1.392011492,0.537743987,1.007076898
10,111,-0.18791358,Joakim Noah,,CHI,C,67,30.57711443,7.23880597,0,9.641791045,4.641791045,0.71641791,1.104477612,0.444964871,6.373134328,0.603448276,2.597014925,1.835820896,-1.472998909,-1.19293194,1.577789354,0.815993671,-0.664225582,0.721710145,-0.199009936,-1.186802732,-0.090746291
10,112,-0.192671452,Taj Gibson,,CHI,F,62,27.28844086,10.35483871,0,6.403225806,1.14516129,0.580645161,1.225806452,0.50295858,8.177419355,0.717391304,2.967741935,1.241935484,-0.803215139,-1.19293194,0.304199955,-0.842241423,-0.981135881,0.92551984,0.597751614,-0.446898347,0.704908253
10,113,-0.194399408,Eric Gordon,,NOR,G,61,33.08387978,13.40983607,2.31147541,2.606557377,3.770491803,0.819672131,0.229508197,0.411255411,11.36065574,0.804511278,2.180327869,2,-0.146550779,1.544626693,-1.188867594,0.402790363,-0.423217528,-0.748074369,-1.061090432,0.181493272,-0.310704297
10,114,-0.20004289,Paul Pierce,,WAS,F,73,26.21461187,11.89041096,1.616438356,4.02739726,1.97260274,0.630136986,0.328767123,0.446646341,8.98630137,0.780952381,2.876712329,1.260273973,-0.473147564,0.721470765,-0.630111947,-0.449837152,-0.865615873,-0.581337989,-0.260341489,0.058195868,0.680339369
10,115,-0.200762781,Timofey Mozgov,,CLE,C,81,25.25390947,9.691358025,0.024691358,7.296296296,0.679012346,0.407407407,1.197530864,0.554770318,6.987654321,0.717592593,2.666666667,1.432098765,-0.945828722,-1.163689128,0.655406438,-1.063307019,-1.385494111,0.878022156,1.168290851,-0.40040359,0.450138097
10,116,-0.202131098,Roy Hibbert,,IND,C,76,25.34758772,10.55263158,0,7.105263158,1.105263158,0.236842105,1.644736842,0.446478873,9.342105263,0.823529412,2.684210526,1.407894737,-0.760700036,-1.19293194,0.580281264,-0.861162638,-1.78361451,1.629244323,-0.27416253,0.361300884,0.482565304
10,117,-0.203613287,Avery Bradley,Questionable - strained achilles,BOS,G,77,31.52683983,13.90909091,1.61038961,3.12987013,1.753246753,1.051948052,0.194805195,0.428853755,13.14285714,0.79,1.298701299,1.415584416,-0.039237147,0.71430703,-0.983071037,-0.553864121,0.118943047,-0.806368903,-0.811803516,0.056311964,0.472263102
10,118,-0.21523315,Kelly Olynyk,,BOS,C,64,22.24192708,10.25,0.953125,4.75,1.6875,1,0.609375,0.475378788,8.25,0.683823529,2.125,1.53125,-0.825749969,-0.064113714,-0.34594315,-0.585043737,-0.002310097,-0.109969385,0.191255359,-0.512524457,0.317300804
10,119,-0.223350569,Mike Dunleavy,,CHI,F,63,29.17195767,9.444444444,1.698412698,3.936507937,1.825396825,0.619047619,0.333333333,0.434511435,7.634920635,0.804597701,1.380952381,0.952380952,-0.998902205,0.818555755,-0.665854837,-0.519647807,-0.891499821,-0.573667612,-0.386216987,0.114241133,1.092837262
10,120,-0.224433863,Tyler Zeller,Questionable - illness,BOS,C,82,21.10772358,10.15853659,0,5.682926829,1.390243902,0.219512195,0.634146341,0.551053485,7.524390244,0.822580645,2.268292683,0.93902439,-0.84540981,-1.19293194,0.020937129,-0.726013908,-1.824064653,-0.068358177,1.206108237,0.299096719,1.110731639
11,121,-0.231894493,Mo Williams,,CHA,G,68,29.11960784,14.17647059,1.75,2.573529412,6.235294118,0.676470588,0.220588235,0.396511628,12.64705882,0.871657754,2.75,2.544117647,0.018235474,0.879652344,-1.201856082,1.57169356,-0.757467546,-0.763058231,-1.520542895,0.725975705,-1.039682767
11,122,-0.234538377,Ersan Ilyasova,,MIL,F,58,22.74166667,11.53448276,1.275862069,4.775862069,0.965517241,0.620689655,0.327586207,0.472172352,9.603448276,0.644859813,1.844827586,0.775862069,-0.549653478,0.31811473,-0.335772703,-0.927435478,-0.887667106,-0.583321707,0.164093539,-0.638530604,1.329327415
11,123,-0.236373476,Amir Johnson,,TOR,F,75,26.38355556,9.253333333,0.253333333,6.066666667,1.56,0.586666667,0.786666667,0.574181118,6.92,0.612403101,1.72,1.466666667,-1.03998108,-0.892900691,0.171845619,-0.645509097,-0.967080947,0.187847363,1.400160437,-0.745568838,0.403825951
11,124,-0.236421892,Larry Sanders,,FA,C,27,21.6882716,7.259259259,0,6.148148148,0.851851852,0.962962963,1.444444444,0.5,6.37037037,0.5,1.777777778,1.037037037,-1.468602523,-1.19293194,0.203888806,-0.981339937,-0.088759098,1.292790661,0.435371871,-1.307634628,0.979419762
11,125,-0.236470929,Marvin Williams,,CHA,F,78,26.08547009,7.423076923,1.217948718,4.948717949,1.282051282,0.884615385,0.461538462,0.425403226,6.358974359,0.712643678,1.115384615,0.769230769,-1.433390309,0.249525987,-0.267795867,-0.777322972,-0.271631984,-0.358307042,-0.42357702,-0.183950811,1.33821166
11,126,-0.238227164,James Johnson,,TOR,F,70,19.57095238,7.914285714,0.157142857,3.671428571,1.357142857,0.757142857,1,0.589108911,5.771428571,0.656862745,1.457142857,1.128571429,-1.327806156,-1.006822331,-0.77009923,-0.741711685,-0.569168546,0.546207352,1.326494697,-0.457925669,0.856787091
11,127,-0.239173705,Nikola Mirotic,Out - illness,CHI,F,82,20.11178862,10.15853659,1.207317073,4.926829268,1.182926829,0.658536585,0.646341463,0.405448718,7.609756098,0.802816901,3.463414634,1.085365854,-0.84540981,0.23693457,-0.276403751,-0.824331565,-0.799327715,-0.04787266,-0.785005841,0.274181919,0.91467151
11,128,-0.241446513,CJ Watson,,IND,G,57,24.94619883,10,1.228070175,2.859649123,3.649122807,1,0.157894737,0.434052758,7.315789474,0.826347305,2.929824561,1.754385965,-0.879486869,0.261513172,-1.089337419,0.34523256,-0.002310097,-0.86837155,-0.375423791,0.416809694,0.018355686
11,129,-0.243748611,Courtney Lee,,MEM,G,77,30.57748918,10.09090909,1.168831169,2.311688312,1.961038961,0.974025974,0.155844156,0.447204969,8.363636364,0.860465116,1.675324675,1.012987013,-0.859946178,0.191354409,-1.304827004,-0.455321137,-0.062936669,-0.871816142,-0.232654968,0.390769544,1.011640643
11,130,-0.251215848,Andrew Wiggins,,MIN,F,82,36.20487805,16.91463415,0.475609756,4.56097561,2.085365854,1.036585366,0.609756098,0.435964912,13.90243902,0.759656652,5.682926829,2.146341463,0.606797169,-0.629651194,-0.42027837,-0.396360586,0.083084648,-0.109329213,-0.680857522,-0.207583137,-0.506764426
11,131,-0.251535438,Ben McLemore,,SAC,G,82,32.56280488,12.14634146,1.707317073,2.93902439,1.719512195,0.93902439,0.231707317,0.436823105,10.13414634,0.8125,1.951219512,1.682926829,-0.418135916,0.829101508,-1.058122516,-0.569862334,-0.144634672,-0.744380259,-0.475901839,0.20402444,0.114092649
11,132,-0.258533373,Donatas Motiejunas,,HOU,F,71,28.68873239,12.04225352,0.690140845,5.915492958,1.816901408,0.788732394,0.478873239,0.505007153,9.845070423,0.602409639,2.338028169,1.732394366,-0.44050937,-0.375574757,0.112395455,-0.523676658,-0.49543468,-0.329187867,0.752625659,-1.075256941,0.047818803
12,133,-0.25932078,Kevin Garnett,,MIN,F,47,20.26524823,6.872340426,0.021276596,6.617021277,1.638297872,0.978723404,0.361702128,0.467320261,6.510638298,0.8,0.957446809,0.978723404,-1.551769799,-1.167733347,0.388276583,-0.608377261,-0.051972289,-0.526013358,0.059646666,0.066510671,1.057545114
12,134,-0.260021298,Andre Iguodala,,GSW,F,77,26.86471861,7.844155844,0.961038961,3.337662338,2.948051948,1.155844156,0.324675325,0.465725806,6.441558442,0.596491228,1.480519481,1.142857143,-1.342880404,-0.054740942,-0.901355236,0.012758039,0.361449335,-0.588211443,0.040615034,-0.705473956,0.837647888
12,135,-0.260622343,Jordan Clarkson,,LAL,G,59,25.01355932,11.91525424,0.644067797,3.237288136,3.491525424,0.86440678,0.203389831,0.448739496,10.08474576,0.829113924,2.677966102,1.627118644,-0.467807561,-0.43014063,-0.940828123,0.270493874,-0.318801355,-0.791948326,-0.256081917,0.40065161,0.188861343
12,136,-0.261653918,Alex Len,,PHO,C,69,22.00024155,6.260869565,0.014492754,6.579710145,0.463768116,0.492753623,1.52173913,0.507082153,5.115942029,0.701923077,1.507246377,1.072463768,-1.683203995,-1.175767681,0.373603708,-1.165384036,-1.186285544,1.422631237,0.418584982,-0.291020934,0.931957004
12,137,-0.262549737,Kentavious Caldwell-Pope,Injured - left shoulder,DET,G,82,31.54674797,12.7195122,1.865853659,3.109756098,1.341463415,1.134146341,0.219512195,0.401234568,11.85365854,0.696202532,1.926829268,1.146341463,-0.294934241,1.016861756,-0.990981027,-0.749147474,0.310803967,-0.764865777,-1.322786301,-0.400878329,0.832979789
12,138,-0.263090568,Wesley Johnson,,LAL,F,76,29.53377193,9.907894737,1.197368421,4.197368421,1.618421053,0.776315789,0.592105263,0.413892909,9.092105263,0.803571429,1.473684211,1.144736842,-0.899284675,0.225152044,-0.563269549,-0.617803607,-0.524416563,-0.138979304,-0.80237935,0.118036322,0.835129571
12,139,-0.263831703,Jeremy Lin,Injured - hamstring,LAL,G,74,25.76689189,11.24324324,0.878378378,2.648648649,4.594594595,1.121621622,0.418918919,0.422900763,8.851351351,0.794776119,3.621621622,2.256756757,-0.612254714,-0.15263867,-1.172314894,0.793611315,0.28156973,-0.42989988,-0.636427294,0.208561755,-0.654692676
12,140,-0.26529736,Jordan Hill,,LAL,C,70,26.77571429,12.01428571,0.042857143,7.942857143,1.471428571,0.485714286,0.757142857,0.459459459,11.1,0.738095238,2.4,1.514285714,-0.446520983,-1.142174774,0.909671207,-0.687513044,-1.202716224,0.138252901,-0.068320601,-0.228383327,0.340028608
12,141,-0.265963137,Jodie Meeks,,DET,G,60,24.3725,11.05,1.233333333,1.733333333,1.316666667,0.983333333,0.1,0.415730337,8.9,0.90625,2.666666667,0.95,-0.653791886,0.267746508,-1.532269317,-0.760907037,-0.041212147,-0.96562385,-0.755476053,0.951838417,1.096027129
12,142,-0.26673941,Corey Brewer,,HOU,F,80,26.0925,11.4625,0.7875,3.7125,2.175,1.425,0.2375,0.425558313,10.075,0.746666667,2.8125,1.65,-0.565125999,-0.260269012,-0.753947592,-0.353852658,0.989692188,-0.734649638,-0.678352592,-0.202355566,0.158206179
12,143,-0.26906957,Jabari Parker,,MIL,F,25,29.53666667,12.32,0.16,5.52,1.68,1.24,0.2,0.490494297,10.52,0.696969697,2.64,1.88,-0.38080843,-1.00343852,-0.043135035,-0.588600523,0.557879429,-0.797642605,0.526823036,-0.542768491,-0.149934991
12,144,-0.272547265,Tiago Splitter,Injured - calf strain,SAS,C,52,19.80384615,8.230769231,0,4.846153846,1.5,0.673076923,0.711538462,0.557755776,5.826923077,0.75,2.307692308,1.153846154,-1.259778783,-1.19293194,-0.308129949,-0.673963383,-0.765388778,0.061646069,1.008560368,-0.145864415,0.822925424
13,145,-0.273360699,Amar'e Stoudemire,,DAL,C,59,21.09180791,11.52542373,0,5.576271186,0.762711864,0.491525424,0.644067797,0.557142857,8.305084746,0.720430108,3.152542373,1.322033898,-0.551600695,-1.19293194,-0.02100598,-1.023613517,-1.189152313,-0.051691993,1.420954716,-0.448801432,0.597596866
13,146,-0.276970114,Marcus Morris,,PHO,F,81,25.2473251,10.43209877,1.382716049,4.75308642,1.641975309,0.777777778,0.197530864,0.433813893,9.419753086,0.628318584,1.395061728,0.901234568,-0.786608275,0.444665519,-0.344729393,-0.606633281,-0.521004102,-0.80179029,-0.492421548,-0.545569989,1.161360335
13,147,-0.277869298,Devin Harris,,DAL,G,76,22.17258772,8.75,1.25,1.776315789,3.105263158,1.026315789,0.184210526,0.417938931,6.894736842,0.814814815,2.131578947,1.118421053,-1.148171374,0.287485406,-1.515366153,0.087313586,0.059114193,-0.824165959,-0.553825439,0.236406062,0.870385998
13,148,-0.292371959,Nikola Pekovic,Out for season - recurring ankle problems,MIN,C,31,26.29193548,12.4516129,0,7.548387097,0.870967742,0.612903226,0.387096774,0.423780488,10.58064516,0.837209302,4.161290323,1.35483871,-0.352518551,-1.19293194,0.754542984,-0.972274454,-0.90584159,-0.483355115,-0.74729471,0.714678934,0.55364681
13,149,-0.29435199,Marcus Smart,,BOS,G,67,26.98855721,7.805970149,1.358208955,3.313432836,3.089552239,1.47761194,0.268656716,0.36687631,7.119402985,0.645669291,1.895522388,1.343283582,-1.351088327,0.415640937,-0.910883664,0.07986287,1.112494929,-0.682312198,-1.230134726,-0.651875457,0.569127725
13,150,-0.295653297,Rodney Stuckey,Questionable - sore left hamstring,IND,G,71,26.38802817,12.61971831,0.774647887,3.492957746,3.084507042,0.788732394,0.14084507,0.440318302,10.61971831,0.819444444,3.042253521,1.661971831,-0.316384697,-0.275490205,-0.840284184,0.077470245,-0.49543468,-0.897011792,-0.432377273,0.376465922,0.142166987
13,151,-0.296060481,Andrea Bargnani,,NYK,F,29,27.08045977,14.82758621,0.517241379,4.379310345,1.586206897,0.068965517,0.931034483,0.454293629,12.44827586,0.813084112,3.689655172,1.448275862,0.158191216,-0.580345452,-0.49171956,-0.633080787,-2.17545912,0.430358218,-0.1950539,0.394100134,0.428464925
13,152,-0.296610447,John Henson,,MIL,C,67,18.33532338,7.029850746,0.014925373,4.656716418,0.880597015,0.417910448,2.014925373,0.566473988,5.164179104,0.569343066,2.044776119,1.298507463,-1.517913333,-1.175255315,-0.382627599,-0.967707886,-1.360978723,2.251091625,0.977262989,-1.122482052,0.629116272
13,153,-0.300195377,Jarrett Jack,Questionable - acl recovery,BKN,G,80,28.01208333,11.9625,0.4875,3.075,4.6625,0.9375,0.1625,0.439412485,10.2125,0.881057269,2.8375,2.3875,-0.457652198,-0.615569175,-1.004649116,0.825814647,-0.148192786,-0.860635572,-0.431872597,0.820853585,-0.82985518
13,154,-0.30130728,Dwight Howard,,HOU,C,41,29.82398374,15.75609756,0.024390244,10.51219512,1.219512195,0.682926829,1.292682927,0.593380615,10.31707317,0.527675277,6.609756098,2.804878049,0.357772506,-1.164045748,1.920082105,-0.80698139,-0.742397885,1.037859775,2.437412292,-4.362432165,-1.389035007
13,155,-0.302212411,Zaza Pachulia,,MIL,C,73,23.69429224,8.301369863,0,6.849315068,2.438356164,1.095890411,0.287671233,0.4536862,7.246575342,0.7875,2.191780822,1.821917808,-1.244603346,-1.19293194,0.479627811,-0.228959127,0.221509919,-0.650371377,-0.114307308,0.082243376,-0.072119711
13,156,-0.304956412,Jared Dudley,,MIL,F,72,23.84421296,7.194444444,1.027777778,3.055555556,1.805555556,1,0.152777778,0.468085106,5.875,0.71641791,0.930555556,0.861111111,-1.482534312,0.0243001,-1.012295785,-0.529057293,-0.002310097,-0.876967082,0.063635954,-0.144494699,1.215115504
14,157,-0.307964539,Michael Kidd-Gilchrist,,CHA,F,55,28.86242424,10.87272727,0,7.563636364,1.4,0.545454545,0.690909091,0.46473029,8.763636364,0.700934579,3.890909091,1.145454545,-0.691896234,-1.19293194,0.76053987,-0.721387195,-1.063275108,0.026992596,0.033257472,-0.757148341,0.834168033
14,158,-0.309334515,Brandon Bass,,BOS,F,82,23.5199187,10.56097561,0.109756098,4.853658537,1.268292683,0.512195122,0.390243902,0.503660322,8.329268293,0.789719626,2.609756098,1.012195122,-0.758906506,-1.062944075,-0.305178675,-0.783847824,-1.140906694,-0.47806853,0.619105965,0.114034129,1.012701574
14,159,-0.309986907,Channing Frye,,ORL,F,75,24.92888889,7.32,1.813333333,3.906666667,1.253333333,0.626666667,0.533333333,0.392197125,6.493333333,0.885714286,0.466666667,1.04,-1.455546446,0.954660156,-0.677590134,-0.790942118,-0.873716026,-0.237705123,-0.822983391,0.13849077,0.97545015
14,160,-0.315601215,Mario Chalmers,,MIA,G,80,29.60458333,10.1625,0.9125,2.575,3.8375,1.525,0.125,0.402714932,8.2875,0.77443609,3.325,2.1625,-0.844557884,-0.112227278,-1.201277762,0.434568204,1.223104491,-0.923628538,-0.897445097,0.009465659,-0.528412732
14,161,-0.316170236,Tony Parker,,SAS,G,68,28.71544118,14.35294118,0.558823529,1.897058824,4.926470588,0.647058824,0.029411765,0.485576923,12.23529412,0.78313253,2.441176471,2.147058824,0.056167404,-0.531098303,-1.467883074,0.95099956,-0.826118223,-1.084198846,0.501060697,0.063264167,-0.507725505
14,162,-0.316938499,Cole Aldrich,,NYK,C,61,16.00491803,5.540983607,0,5.540983607,1.229508197,0.62295082,1.06557377,0.478405316,4.93442623,0.78125,1.049180328,0.967213115,-1.837941757,-1.19293194,-0.034883078,-0.802240905,-0.88238927,0.656358988,0.14833932,0.020276192,1.072965958
14,163,-0.321318789,Josh Smith,,HOU,F,83,27.71746988,12.37349398,0.86746988,6.373493976,3.325301205,1.048192771,1.397590361,0.419452888,11.89156627,0.498039216,3.072289157,2.481927711,-0.369310028,-0.165557975,0.292507696,0.191664014,0.11017776,1.214084589,-0.935122984,-2.27394801,-0.95636416
14,164,-0.321908621,Nick Young,,LAL,F,42,23.81388889,13.4047619,1.976190476,2.285714286,0.976190476,0.547619048,0.261904762,0.365546218,11.33333333,0.891891892,3.523809524,1.047619048,-0.147641458,1.147537387,-1.315041479,-0.922373823,-1.058222894,-0.693654215,-1.995720296,1.122696609,0.965242575
14,165,-0.322750858,Cody Zeller,,CHA,C,62,23.97876344,7.612903226,0.016129032,5.838709677,1.612903226,0.564516129,0.790322581,0.461126005,6.016129032,0.774390244,2.64516129,1,-1.3925876,-1.173829781,0.08219987,-0.620420371,-1.018783027,0.193988613,-0.010994201,0.006628855,1.029039918
14,166,-0.323887242,Michael Carter-Williams,,MIL,G,66,32.575,14.63636364,0.545454545,5.348484848,6.712121212,1.681818182,0.454545455,0.396082699,13.92424242,0.694158076,4.409090909,3.833333333,0.117088383,-0.546931644,-0.110584619,1.797823141,1.589137419,-0.370053982,-1.686643729,-0.93791812,-2.766902025
14,167,-0.326265674,Gerald Henderson,,CHA,G,80,28.93791667,12.1125,0.5625,3.4125,2.575,0.6375,0.275,0.436835891,10.5875,0.847926267,2.7125,1.375,-0.425410057,-0.526744134,-0.871924779,-0.164157413,-0.848429693,-0.671656672,-0.497717739,0.543013586,0.526635838
14,168,-0.3267486,Evan Turner,,BOS,G,82,27.55792683,9.5,0.402439024,5.085365854,5.487804878,1.012195122,0.231707317,0.428954424,9.097560976,0.75177305,1.719512195,2.414634146,-0.986960671,-0.71630977,-0.214058082,1.217205674,0.026154818,-0.744380259,-0.554971767,-0.101209346,-0.866207996
15,169,-0.328987329,Iman Shumpert,,CLE,G,62,24.91344086,8,1.080645161,3.612903226,2.177419355,1.306451613,0.258064516,0.409766454,7.596774194,0.671875,1.032258065,1.467741935,-1.309382076,0.086912733,-0.793114749,-0.352705307,0.712985668,-0.700105108,-0.724294562,-0.283567926,0.402385366
15,170,-0.335964424,OJ Mayo,,MIL,G,71,23.90680751,11.35211268,1.394366197,2.633802817,2.774647887,0.802816901,0.253521127,0.422857143,9.85915493,0.827338129,1.957746479,1.802816901,-0.58885349,0.458463184,-1.178153126,-0.069476775,-0.462559707,-0.70773715,-0.711631071,0.282797703,-0.046529381
15,171,-0.336488466,Jose Calderon,,NYK,G,42,30.24325397,9.095238095,1.404761905,2.952380952,4.714285714,0.738095238,0,0.415254237,8.428571429,0.90625,0.761904762,1.785714286,-1.073963272,0.470775172,-1.05286995,0.850373406,-0.613628032,-1.133605094,-0.721805623,0.269943455,-0.023616251
15,172,-0.337228358,Henry Walker,,MIA,G,24,26.14791667,7.291666667,1.875,3.416666667,1.208333333,1,0.375,0.347305389,6.958333333,0.777777778,0.75,1,-1.461636628,1.027694079,-0.870286207,-0.812282833,-0.002310097,-0.503675427,-1.448290035,0.006692009,1.029039918
15,173,-0.33926278,Tristan Thompson,,CLE,C,82,26.75609756,8.451219512,0,8,0.475609756,0.414634146,0.731707317,0.547131148,5.951219512,0.641129032,3.024390244,1.012195122,-1.212393523,-1.19293194,0.932143052,-1.159768279,-1.368626014,0.095525964,0.915313071,-1.075328928,1.012701574
15,174,-0.341438883,Al-Farouq Aminu,,DAL,F,74,18.45608108,5.567567568,0.459459459,4.608108108,0.797297297,0.945945946,0.837837838,0.411764706,4.824324324,0.711864407,1.594594595,0.743243243,-1.832227598,-0.648778537,-0.401743171,-1.007211786,-0.128478909,0.273805333,-0.436229963,-0.265113609,1.373028298
15,175,-0.342012859,Alec Burks,,UTA,G,27,33.29876543,13.85185185,0.962962963,4.222222222,3.037037037,0.62962963,0.185185185,0.403333333,11.11111111,0.821705426,4.777777778,1.925925926,-0.051540545,-0.052462281,-0.55349561,0.05495816,-0.866800106,-0.822528715,-1.196653796,0.621871145,-0.211463985
15,176,-0.342461721,Terrence Ross,,TOR,F,82,25.50955285,9.841463415,1.768292683,2.768292683,1.048780488,0.646341463,0.304878049,0.410358566,9.182926829,0.785714286,0.682926829,0.841463415,-0.913563928,0.901316988,-1.125264005,-0.887948873,-0.82779263,-0.621467153,-0.869284631,0.020410352,1.241438392
15,177,-0.343958221,Hollis Thompson,Note - waived,PHI,F,71,25.01361502,8.816901408,1.61971831,2.788732394,1.197183099,0.802816901,0.366197183,0.41252302,7.647887324,0.707865169,1.253521127,0.915492958,-1.133791076,0.725355325,-1.117225939,-0.817570699,-0.462559707,-0.518462508,-0.691142838,-0.222484284,1.142257739
15,178,-0.344343383,Elfrid Payton,,ORL,G,82,30.34979675,8.914634146,0.134146341,4.256097561,6.5,1.731707317,0.243902439,0.425141243,8.634146341,0.551401869,2.609756098,2.475609756,-1.112783658,-1.034057883,-0.540173886,1.697227178,1.705584799,-0.723894742,-0.585388908,-1.557703632,-0.947899716
15,179,-0.348975274,Thabo Sefolosha,,ATL,F,52,18.7625,5.346153846,0.480769231,4.288461538,1.442307692,1.019230769,0.403846154,0.419354839,4.769230769,0.775862069,1.115384615,0.75,-1.879819947,-0.623540653,-0.527446516,-0.701323274,0.042576884,-0.455219299,-0.36556067,0.005580041,1.363975972
15,180,-0.351767193,Derrick Rose,,CHI,G,51,29.99771242,17.7254902,1.490196078,3.156862745,4.921568627,0.705882353,0.31372549,0.404790419,16.37254902,0.812834225,3.666666667,3.156862745,0.781088733,0.571957758,-0.972455994,0.948674863,-0.688816869,-0.606605111,-1.728308004,0.389164352,-1.860604467
16,181,-0.353117264,Shabazz Muhammad,,MIN,F,38,22.77938596,13.47368421,0.526315789,4.052631579,1.131578947,0.473684211,0.184210526,0.488664987,10.44736842,0.717241379,3.815789474,0.921052632,-0.132826773,-0.569598321,-0.620188368,-0.848682688,-1.230795899,-0.824165959,0.488728713,-0.575335281,1.134809199
16,182,-0.353247363,Arron Afflalo,,POR,G,78,32.07094017,13.26923077,1.512820513,3.166666667,1.653846154,0.525641026,0.08974359,0.424208145,11.33333333,0.843434343,2.538461538,1.487179487,-0.176773551,0.598752643,-0.968600531,-0.601003674,-1.109522301,-0.982852695,-0.792913641,0.477343463,0.376344019
16,183,-0.353873741,Jason Terry,,HOU,G,77,21.31493506,7.025974026,1.636363636,1.571428571,1.909090909,0.857142857,0.246753247,0.421524664,5.792207792,0.8125,0.623376623,0.961038961,-1.518746625,0.745068949,-1.595939546,-0.479956883,-0.335756243,-0.719105919,-0.424931642,0.063266492,1.081237745
16,184,-0.354889271,Manu Ginobili,,SAS,G,70,22.66952381,10.54285714,1.271428571,3.014285714,4.185714286,0.957142857,0.285714286,0.425423729,8.428571429,0.720588235,2.914285714,2.2,-0.762801028,0.312863989,-1.028525451,0.599704689,-0.102343941,-0.653658681,-0.56673303,-0.413856849,-0.57865314
16,185,-0.357213444,Jae Crowder,,BOS,F,82,20.08089431,7.658536585,0.743902439,3.573170732,1.146341463,0.87804878,0.304878049,0.418647166,6.670731707,0.773049645,1.719512195,0.597560976,-1.382778819,-0.311903081,-0.808739842,-0.84168174,-0.286959246,-0.621467153,-0.526724553,-0.002871831,1.568205273
16,186,-0.360760997,Rajon Rondo,,DAL,G,68,29.68872549,8.941176471,0.397058824,5.485294118,7.911764706,1.338235294,0.102941176,0.426356589,9.485294118,0.397435897,1.147058824,3.088235294,-1.107078449,-0.722681724,-0.056783376,2.366739807,0.787172691,-0.960683225,-0.623939537,-1.160933919,-1.768661237
16,187,-0.367322185,Kris Humphries,,WAS,F,64,21.01510417,7.953125,0,6.5,0.90625,0.53125,0.390625,0.47309417,6.96875,0.743589744,1.828125,0.71875,-1.319457745,-1.19293194,0.342257113,-0.955542262,-1.096430265,-0.477428357,0.135426409,-0.147635596,1.405842979
16,188,-0.370822258,Chris Andersen,Out for season - torn acl,MIA,C,60,18.86166667,5.333333333,0.066666667,4.983333333,0.716666667,0.45,1.016666667,0.579710145,3.45,0.666666667,1.9,0.666666667,-1.882575685,-1.113976348,-0.254183115,-1.045449904,-1.28607776,0.574204226,0.741212127,-0.546175182,1.475621323
