Round,Rank,Value,Name,Inj,Team,Pos,g,m/g,p/g,3/g,r/g,a/g,s/g,b/g,fg%,fga/g,ft%,fta/g,to/g,pV,3V,rV,aV,sV,bV,fg%V,ft%V,toV
1,7,0.59164374,Hassan Whiteside,,MIA,C,73,29.11438356,14.21917808,0,11.84931507,0.410958904,0.602739726,3.684931507,0.604992658,9.328767123,0.650455927,4.506849315,1.876712329,0.001367938,-1.201278123,2.56987714,-1.203760258,-0.992778443,5.155017153,2.473419564,-1.38318668,-0.093884632
6,71,-0.047896415,DeAndre Jordan,,LAC,C,77,33.73571429,12.72727273,0,13.75324675,1.168831169,0.675324675,2.285714286,0.705533597,6.571428571,0.429725363,8.038961039,1.38961039,-0.289715481,-1.201278123,3.362822315,-0.85720758,-0.824872106,2.746144475,2.998097498,-6.868248325,0.50318959
6,67,-0.036400404,Rudy Gobert,,UTA,C,61,31.6726776,9.131147541,0,10.95081967,1.459016393,0.737704918,2.131147541,0.559322034,5.803278689,0.568904594,4.639344262,1.868852459,-0.991350081,-1.201278123,2.195673803,-0.724514418,-0.680571695,2.480044542,1.039661243,-2.36101865,-0.084250251
1,5,0.68429469,Anthony Davis,Probable - left hip injury,NOR,F,61,35.48060109,24.27868852,0.573770492,10.27868852,1.901639344,1.278688525,2.049180328,0.492524186,18.63934426,0.758139535,7.049180328,1.967213115,1.964063956,-0.572363891,1.915746138,-0.522115972,0.570852688,2.338930941,0.957033386,-0.288677389,-0.204817646
2,18,0.36253144,Pau Gasol,,CHI,C,72,31.82384259,16.48611111,0.333333333,11,4.083333333,0.583333333,2.027777778,0.469346734,13.81944444,0.792387543,4.013888889,2.277777778,0.443665847,-0.835908903,2.216156315,0.47550847,-1.037670067,2.302084612,0.104610325,0.179834396,-0.585498033
3,25,0.257505976,Dahntay Jones,,CLE,G,1,42.35,13,1,5,2,1,2,0.428571429,14,0,0,0,-0.236504071,-0.105170462,-0.282710157,-0.477138539,-0.073820479,2.254262781,-0.97670766,0.008812111,2.206530258
14,166,-0.336002852,John Henson,,MIL,C,57,16.83274854,6.964912281,0,3.877192982,0.947368421,0.315789474,1.912280702,0.563573883,5.105263158,0.58974359,2.052631579,1.122807018,-1.414000999,-1.201278123,-0.750334293,-0.958475976,-1.656562961,2.103246471,0.956922517,-0.933771069,0.830228764
6,61,0.036020044,Serge Ibaka,,OKC,F,78,32.05491453,12.6025641,0.769230769,6.807692308,0.846153846,0.487179487,1.897435897,0.478711162,11.14102564,0.752066116,1.551282051,1.384615385,-0.314047194,-0.358118384,0.470153459,-1.004758421,-1.260096895,2.077689865,0.284031779,-0.079986119,0.50931231
5,50,0.095051423,Kristaps Porzingis,Questionable - sore left achilles,NYK,F,72,28.44282407,14.27777778,1.125,7.305555556,1.291666667,0.722222222,1.861111111,0.420993228,12.30555556,0.8375,3.333333333,1.680555556,0.012801237,0.031842996,0.677502422,-0.801038522,-0.716386871,2.015153624,-1.034186671,0.52321643,0.146558165
1,10,0.522177851,Paul Millsap,,ATL,F,81,32.58950617,17.09876543,0.913580247,9.049382716,3.259259259,1.827160494,1.728395062,0.469540769,13.17283951,0.757352941,5.037037037,2.358024691,0.563199914,-0.199895815,1.403767626,0.098683653,1.839599444,1.786671541,0.105008887,-0.213572421,-0.683862173
2,23,0.278039636,Brook Lopez,,BKN,C,73,33.65205479,20.56164384,0.02739726,7.863013699,2.01369863,0.794520548,1.698630137,0.511245675,15.83561644,0.786600496,5.520547945,2.397260274,1.238836933,-1.171247776,0.909671333,-0.470874559,-0.549143564,1.735428666,1.376725253,0.164916351,-0.731955915
1,12,0.474621549,Karl-Anthony Towns,,MIN,C,82,32.02520325,18.32926829,0.365853659,10.41463415,1.963414634,0.707317073,1.682926829,0.542534722,14.04878049,0.810909091,3.353658537,2.231707317,0.803281484,-0.800263125,1.972364464,-0.49386795,-0.750866043,1.708394072,2.05605624,0.305521117,-0.529026313
14,168,-0.347242722,Jerami Grant,,PHI,F,77,26.83484848,9.727272727,0.454545455,4.688311688,1.74025974,0.701298701,1.649350649,0.41903172,7.779220779,0.658385093,4.181818182,1.428571429,-0.875040989,-0.703047368,-0.412521403,-0.595910114,-0.764787976,1.650589793,-0.679213427,-1.200685386,0.455432375
14,160,-0.304764109,Bismack Biyombo,,TOR,C,82,22.04715447,5.536585366,0,7.987804878,0.353658537,0.231707317,1.62195122,0.541666667,3.512195122,0.628318584,2.756097561,0.865853659,-1.692679724,-1.201278123,0.961644082,-1.22996203,-1.851065085,1.60341932,0.515382781,-0.993532301,1.145194102
7,82,-0.106633419,Andrew Bogut,Questionable - hamstring strain,GSW,C,70,20.65119048,5.357142857,0.014285714,7.014285714,2.314285714,0.457142857,1.614285714,0.627240143,3.985714286,0.48,0.714285714,1.185714286,-1.727690483,-1.185619442,0.556195015,-0.333424933,-1.3295788,1.590222494,1.230385224,-0.513308857,0.753119015
8,87,-0.112483116,Dwight Howard,,HOU,C,71,32.10821596,13.74647887,0,11.76056338,1.38028169,0.971830986,1.591549296,0.618968386,8.464788732,0.489451477,6.676056338,2.338028169,-0.090859696,-1.201278123,2.532914037,-0.760517481,-0.138982141,1.551079796,2.46957371,-4.71492708,-0.659351066
7,84,-0.110126772,Robin Lopez,,NYK,C,82,26.99410569,10.26829268,0,7.341463415,1.390243902,0.195121951,1.573170732,0.539274924,8.073170732,0.795031056,1.963414634,1.62195122,-0.769483395,-1.201278123,0.692457246,-0.755962054,-1.935695781,1.519439519,1.135666611,0.105321514,0.218393515
5,57,0.047824344,Nerlens Noel,,PHI,F,67,29.33208955,11.14925373,0.014925373,8.074626866,1.820895522,1.76119403,1.492537313,0.521294719,8.76119403,0.59030837,3.388059701,2.358208955,-0.597600404,-1.184918307,0.997803508,-0.559037745,1.687003246,1.380622161,0.932905443,-1.54227077,-0.684088038
2,16,0.382579803,Al Horford,,ATL,F,82,32.12926829,15.23170732,1.073170732,7.280487805,3.207317073,0.817073171,1.487804878,0.5042898,12.79268293,0.798449612,1.573170732,1.304878049,0.198921001,-0.024967462,0.667062262,0.07493202,-0.496973957,1.372474866,0.945260473,0.099457197,0.607051826
3,29,0.219651954,Derrick Favors,,UTA,F,62,31.98682796,16.38709677,0,8.112903226,1.516129032,1.193548387,1.467741935,0.51541307,13.08064516,0.708661417,4.096774194,1.677419355,0.424347308,-1.201278123,1.01374476,-0.69839849,0.373903201,1.337934787,1.242246955,-0.666035229,0.150402421
10,120,-0.224932326,Myles Turner,,IND,C,60,22.78638889,10.31666667,0.05,5.55,0.683333333,0.416666667,1.433333333,0.498113208,8.833333333,0.727272727,2.016666667,1.116666667,-0.76004522,-1.14647274,-0.053647397,-1.079211449,-1.423209902,1.278697422,0.552185401,-0.230442463,0.837755413
3,28,0.229805545,Giannis Antetokounmpo,,MIL,F,80,35.2925,16.875,0.35,7.6625,4.3375,1.175,1.4125,0.506916996,12.65,0.723716381,5.1125,2.6,0.519541376,-0.817640442,0.82616184,0.591731405,0.330996348,1.242831048,0.997848427,-0.642752211,-0.980467889
2,20,0.324825584,DeMarcus Cousins,,SAC,C,65,34.55153846,26.89230769,1.076923077,11.46153846,3.292307692,1.553846154,1.4,0.451201201,20.49230769,0.717948718,10.2,3.830769231,2.474003278,-0.020854488,2.408376813,0.113795729,1.20735805,1.221311224,-0.554640539,-1.436813749,-2.489106065
11,121,-0.230790075,Andre Drummond,,DET,C,81,32.90679012,16.22222222,0.024691358,14.79012346,0.827160494,1.469135802,1.382716049,0.520263902,13.09876543,0.354948805,7.234567901,1.901234568,0.392178881,-1.174213736,3.794658387,-1.013443522,1.011402761,1.191555418,1.364450805,-7.519756448,-0.123943221
2,13,0.420700452,Draymond Green,,GSW,F,81,34.66646091,13.96296296,1.234567901,9.444444444,7.37037037,1.456790123,1.37037037,0.48962149,10.11111111,0.696048632,4.061728395,3.185185185,-0.04862181,0.151941212,1.568302044,1.978573751,0.982844255,1.170301271,0.46785711,-0.787124302,-1.697769466
15,178,-0.368750908,Roy Hibbert,,LAL,C,81,23.18395062,5.938271605,0,4.913580247,1.172839506,0.395061728,1.358024691,0.442822384,5.074074074,0.806896552,1.790123457,0.938271605,-1.614307323,-1.201278123,-0.318702061,-0.855374685,-1.473187288,1.149047123,-0.210785011,0.149402732,1.056426463
4,42,0.125958523,Marc Gasol,,MEM,C,52,34.44326923,16.55769231,0.038461538,6.961538462,3.769230769,0.961538462,1.346153846,0.463276836,13.61538462,0.828571429,4.711538462,2.269230769,0.457631947,-1.159120136,0.534226959,0.331878613,-0.16279121,1.128610443,-0.053518512,0.63172998,-0.575021379
5,52,0.068945781,Jonas Valanciunas,,TOR,C,60,25.94833333,12.8,0,9.133333333,0.7,0.416666667,1.333333333,0.565298507,8.933333333,0.76056338,3.55,1.416666667,-0.275525772,-1.201278123,1.43873119,-1.071590273,-1.423209902,1.106538829,1.696518184,-0.119696965,0.470024858
8,85,-0.111478972,Tim Duncan,,SAS,F,61,25.18715847,8.557377049,0,7.344262295,2.672131148,0.770491803,1.31147541,0.486425339,7.245901639,0.702290076,2.147540984,1.475409836,-1.103297582,-1.201278123,0.693622918,-0.16979275,-0.604727793,1.068908535,0.294062572,-0.378827856,0.39801933
3,36,0.159234772,Marcin Gortat,,WAS,C,75,30.078,13.49333333,0,9.866666667,1.413333333,0.626666667,1.266666667,0.566753927,10.18666667,0.70531401,2.76,1.613333333,-0.140250544,-1.201278123,1.744148204,-0.745403937,-0.93742971,0.991766434,1.961315145,-0.468711572,0.228957049
15,180,-0.374412628,Brandan Wright,Injured - ankle,MEM,C,12,17.67638889,6.916666667,0,3.583333333,0.5,0.416666667,1.25,0.673076923,4.333333333,0.541666667,2,0.833333333,-1.423414128,-1.201278123,-0.872720297,-1.163044386,-1.423209902,0.963073335,1.713535001,-1.147711643,1.185056493
16,185,-0.381683709,Clint Capela,Injured - left fibula,HOU,C,77,19.10064935,7.038961039,0,6.415584416,0.61038961,0.766233766,1.194805195,0.58186398,5.155844156,0.379146919,2.74025974,0.779220779,-1.399553456,-1.201278123,0.306849248,-1.112566467,-0.614577651,0.868050735,1.145139789,-2.678603418,1.251385958
1,2,0.938786072,Kevin Durant,,OKC,F,72,35.80023148,28.18055556,2.583333333,8.194444444,5,0.944444444,1.180555556,0.505430847,19.18055556,0.897590361,6.916666667,3.472222222,2.725351389,1.630333335,1.047704863,0.894673154,-0.202333757,0.843518756,1.454008492,2.105428841,-2.04961043
5,53,0.064634667,Gorgui Dieng,,MIN,F,82,27.07581301,10.08536585,0.073170732,7.109756098,1.743902439,1.146341463,1.170731707,0.532871972,7.048780488,0.826612903,3.024390244,1.707317073,-0.805173975,-1.121075123,0.595956305,-0.594244416,0.264702303,0.826606158,0.907184024,0.394001991,0.113754739
9,105,-0.189021417,Jahlil Okafor,,PHI,C,53,30.01037736,17.50943396,0.018867925,7.037735849,1.226415094,0.41509434,1.150943396,0.508322663,14.73584906,0.68556701,3.660377358,2.339622642,0.643324836,-1.180596846,0.565961475,-0.830876146,-1.426847071,0.79253888,1.200092056,-0.803484418,-0.66130552
12,144,-0.274158689,Cole Aldrich,,LAC,C,60,13.32722222,5.466666667,0,4.8,0.833333333,0.783333333,1.133333333,0.595555556,3.75,0.714285714,1.4,1.066666667,-1.706321457,-1.201278123,-0.366005707,-1.010620865,-0.575022265,0.762221643,0.932861024,-0.202306291,0.899043839
12,133,-0.251723155,Steven Adams,,OKC,C,80,25.17958333,7.95,0,6.6375,0.7625,0.525,1.1125,0.612676056,5.325,0.581632653,2.45,1.05,-1.221802009,-1.201278123,0.399272151,-1.043010863,-1.17260901,0.72635527,1.49354565,-1.165454776,0.919473314
3,26,0.243718715,LaMarcus Aldridge,,SAS,F,74,30.55202703,17.98648649,0,8.540540541,1.486486486,0.513513514,1.094594595,0.51291866,14.12162162,0.857615894,4.081081081,1.337837838,0.736401839,-1.201278123,1.191846184,-0.711953153,-1.199179998,0.695529576,1.273547606,0.841903753,0.566650754
3,27,0.232245173,Nikola Vucevic,,ORL,C,65,31.33615385,18.16923077,0.030769231,8.8,2.753846154,0.830769231,1.076923077,0.509560229,16.09230769,0.753333333,2.307692308,1.892307692,0.772056803,-1.167551733,1.299905275,-0.132426883,-0.465291696,0.66510654,1.347451949,-0.116042757,-0.113000938
9,97,-0.157273624,Ian Mahinmi,Injured,IND,C,71,25.57018779,9.295774648,0,7.14084507,1.464788732,0.915492958,1.056338028,0.589285714,6.309859155,0.586666667,3.169014085,1.408450704,-0.959229933,-1.201278123,0.608904171,-0.721874898,-0.269305466,0.629667609,1.488126547,-1.470568246,0.480095726
9,99,-0.168167287,Taj Gibson,,CHI,F,73,26.51506849,8.589041096,0,6.904109589,1.452054795,0.643835616,1.054794521,0.5249501,6.863013699,0.691780822,2,1.068493151,-1.097119658,-1.201278123,0.510309111,-0.727697753,-0.897713826,0.627010328,0.780424365,-0.404245024,0.896804992
10,109,-0.19276674,Amir Johnson,,BOS,F,79,22.7871308,7.329113924,0.126582278,6.392405063,1.734177215,0.658227848,1.050632911,0.585480094,5.405063291,0.570247934,1.53164557,1.189873418,-1.342942161,-1.062530318,0.297195564,-0.598691474,-0.864421154,0.619845761,1.237097299,-0.768475062,0.748020882
11,130,-0.250579193,Mason Plumlee,,POR,C,82,25.40873984,9.134146341,0,7.658536585,2.756097561,0.829268293,1,0.516441006,6.304878049,0.641791045,4.085365854,1.87804878,-0.99076499,-1.201278123,0.824511166,-0.131397381,-0.468763725,0.532676853,0.615992728,-1.340666454,-0.095522812
12,136,-0.258997082,Willie Cauley-Stein,,SAC,C,66,21.38661616,7.015151515,0,5.333333333,0.560606061,0.727272727,1,0.563421829,5.136363636,0.648,1.893939394,0.696969697,-1.404198897,-1.201278123,-0.143884242,-1.135331018,-0.704703846,0.532676853,0.961212774,-0.587673983,1.352206746
1,3,0.818241161,Kawhi Leonard,,SAS,F,72,33.04953704,21.18055556,1.791666667,6.847222222,2.583333333,1.777777778,0.986111111,0.505957837,15.15277778,0.874251497,4.638888889,1.458333333,1.359591872,0.762581437,0.486616789,-0.210397377,1.725365419,0.508765937,1.165822597,1.146872603,0.418951169
5,49,0.103569365,Marvin Williams,,CHA,F,81,28.86604938,11.7037037,1.87654321,6.419753086,1.358024691,0.716049383,0.950617284,0.452476573,9.222222222,0.833333333,1.777777778,0.765432099,-0.489422501,0.855615266,0.308585407,-0.770694951,-0.730666124,0.447660264,-0.222058607,0.264817841,1.268287689
16,183,-0.380205317,Henry Sims,,BKN,C,14,18.77738095,6.5,0,5.142857143,0.642857143,0.642857143,0.928571429,0.428571429,5.5,0.833333333,2.142857143,0.857142857,-1.504709337,-1.201278123,-0.223213337,-1.09772002,-0.899977269,0.409706429,-0.377918172,0.317390446,1.155871528
16,181,-0.376357023,Kosta Koufos,,SAC,C,78,19.00491453,6.756410256,0,5.423076923,0.423076923,0.512820513,0.897435897,0.530474041,5.679487179,0.548076923,1.333333333,0.615384615,-1.454681516,-1.201278123,-0.106508034,-1.198219045,-1.200783074,0.356103937,0.70697993,-0.741038448,1.45221117
8,92,-0.134361835,Kenneth Faried,,DEN,F,67,25.29054726,12.46268657,0.014925373,8.671641791,1.179104478,0.47761194,0.895522388,0.557507987,9.343283582,0.612612613,3.313432836,1.358208955,-0.341338491,-1.184918307,1.246446938,-0.852509898,-1.282228918,0.352809666,1.635897682,-1.32509567,0.54168048
11,129,-0.249966736,Ed Davis,,POR,F,81,20.79279835,6.49382716,0,7.395061728,1.086419753,0.703703704,0.888888889,0.611275964,4.160493827,0.558823529,2.518518519,0.790123457,-1.505913711,-1.201278123,0.714779751,-0.894891894,-0.759224631,0.341389527,1.157965557,-1.340548898,1.238021799
9,104,-0.183698449,Al Jefferson,,CHA,C,47,23.32836879,11.95744681,0,6.404255319,1.489361702,0.638297872,0.872340426,0.485148515,10.74468085,0.648648649,2.361702128,0.723404255,-0.439915063,-1.201278123,0.302130932,-0.710638402,-0.910523951,0.312899926,0.405434361,-0.731199819,1.319804096
9,103,-0.179527244,Cody Zeller,,CHA,C,73,24.29817352,8.739726027,0.01369863,6.246575342,0.97260274,0.780821918,0.863013699,0.528604119,5.98630137,0.754310345,3.178082192,0.931506849,-1.067719746,-1.18626295,0.236460731,-0.946937064,-0.580831769,0.296843164,0.723429,-0.155445052,1.064718488
4,43,0.122596685,Greg Monroe,,MIL,C,79,29.29367089,15.3164557,0,8.810126582,2.265822785,0.911392405,0.848101266,0.522340426,11.89873418,0.74025974,3.898734177,1.64556962,0.21545613,-1.201278123,1.304122771,-0.355585604,-0.278791024,0.27117013,1.287177259,-0.328344201,0.189442823
12,141,-0.264812548,Brandon Bass,,LAL,F,66,20.33964646,7.166666667,0,4.318181818,1.121212121,0.515151515,0.833333333,0.548895899,4.803030303,0.844594595,2.242424242,0.636363636,-1.374637002,-1.201278123,-0.566672257,-0.878982369,-1.195390909,0.245745865,0.767143912,0.394262204,1.426495747
12,140,-0.263630426,Danny Green,,SAS,G,79,26.08248945,7.215189873,1.46835443,3.82278481,1.784810127,1,0.810126582,0.375670841,7.075949367,0.739130435,0.582278481,0.949367089,-1.365169712,0.408196418,-0.772994086,-0.575538534,-0.073820479,0.205793449,-1.198796087,-0.043170769,1.042825969
2,22,0.285501615,John Wall,Probable - wrist,WAS,G,77,36.15562771,19.88311688,1.493506494,4.909090909,10.25974026,1.883116883,0.766233766,0.424017791,17.51948052,0.790697674,4.467532468,4.12987013,1.106450556,0.435765787,-0.320571771,3.299797552,1.969039947,0.130228194,-1.375929057,0.180467854,-2.855734531
10,117,-0.214954898,Michael Carter-Williams,,MIL,G,54,30.54290123,11.53703704,0.277777778,5.111111111,5.166666667,1.481481481,0.759259259,0.452252252,10.27777778,0.654320988,3,2.833333333,-0.521940584,-0.896803773,-0.236434852,0.970884915,1.039961267,0.118220981,-0.252938331,-0.889063166,-1.266480543
10,111,-0.195988388,Matt Barnes,,MEM,F,76,28.81776316,9.973684211,1.565789474,5.513157895,2.144736842,1.026315789,0.75,0.380952381,9.118421053,0.804347826,1.815789474,1.592105263,-0.826964013,0.514995715,-0.068991314,-0.410954642,-0.012945768,0.102280371,-1.456251688,0.139958095,0.254977749
3,34,0.169411462,Victor Oladipo,,ORL,G,72,33.04606481,16.01388889,1.361111111,4.833333333,3.916666667,1.611111111,0.75,0.438596491,13.45833333,0.829959514,3.430555556,2.125,0.351531276,0.290646194,-0.352123115,0.399296709,1.339825584,0.102280371,-0.682687869,0.474161854,-0.398227843
4,46,0.111865742,Rudy Gay,,SAC,F,70,33.98214286,17.2,1.057142857,6.5,1.714285714,1.428571429,0.728571429,0.462760675,14.38571429,0.779527559,3.628571429,1.985714286,0.582951639,-0.042535738,0.342006461,-0.607787272,0.917567669,0.065389244,-0.0711672,0.047862677,-0.227495799
10,116,-0.209650175,Aaron Gordon,,ORL,F,78,23.88611111,9.217948718,0.538461538,6.5,1.602564103,0.756410256,0.705128205,0.472413793,7.435897436,0.668393782,2.474358974,0.846153846,-0.974414433,-0.611066305,0.342006461,-0.658874276,-0.637301777,0.02502972,0.103941751,-0.64551423,1.169341512
14,162,-0.311522472,David West,,SAS,F,78,18.00320513,7.102564103,0.038461538,3.974358974,1.833333333,0.564102564,0.705128205,0.544642857,5.743589744,0.7875,1.025641026,0.858974359,-1.387143958,-1.159120136,-0.709866819,-0.5533503,-1.082155433,0.02502972,0.869179446,0.040098697,1.153626531
14,159,-0.304397088,Wesley Johnson,,LAC,F,80,20.82229167,6.8625,1.2875,3.1,0.6125,1.1125,0.7,0.403883495,6.4375,0.652173913,0.575,0.675,-1.433982505,0.209960491,-1.074017874,-1.111601447,0.18641891,0.016201074,-0.745351088,-0.166337857,1.379136508
8,88,-0.114511059,Nikola Mirotic,Out - illness,CHI,F,66,24.94090909,11.77272727,2.045454545,5.484848485,1.53030303,0.878787879,0.696969697,0.407224959,9.227272727,0.806629834,2.742424242,1.545454545,-0.475955415,1.040760275,-0.080781554,-0.691917138,-0.354213086,0.010984147,-1.014019588,0.222382093,0.31216073
3,31,0.206520918,Dirk Nowitzki,,DAL,F,75,31.51333333,18.29333333,1.68,6.52,1.76,0.693333333,0.693333333,0.447841727,14.82666667,0.892857143,3.733333333,1.12,0.796270268,0.640182748,0.350336016,-0.586883475,-0.783213776,0.004723835,-0.49311823,1.096721362,0.833669518
14,164,-0.331421156,Darrell Arthur,Questionable - leg soreness,DEN,F,70,21.65738095,7.528571429,0.642857143,4.185714286,1.371428571,0.757142857,0.685714286,0.45194274,6.985714286,0.754716981,0.757142857,0.942857143,-1.304026306,-0.496637484,-0.621842036,-0.764565751,-0.635607096,-0.00839301,-0.172966455,-0.029557918,1.050805655
14,163,-0.3206151,Tyson Chandler,,PHO,C,66,24.51363636,7.151515152,0,8.727272727,0.984848485,0.545454545,0.651515152,0.582802548,4.757575758,0.619883041,2.590909091,1.409090909,-1.377593192,-1.201278123,1.269615985,-0.941337446,-1.125292757,-0.067269758,1.065886708,-0.9875783,0.479310983
10,110,-0.195635253,Al-Farouq Aminu,,POR,F,82,28.54695122,10.23170732,1.536585366,6.073170732,1.682926829,0.87804878,0.646341463,0.415855355,8.768292683,0.737179487,1.902439024,1.463414634,-0.776621511,0.482984869,0.164241569,-0.622126767,-0.355922798,-0.076176707,-0.8195995,-0.170219103,0.412722671
1,9,0.529838221,LeBron James,,CLE,F,76,35.63881579,25.26315789,1.144736842,7.434210526,6.736842105,1.368421053,0.644736842,0.520480226,18.63157895,0.731160896,6.460526316,3.276315789,2.156142301,0.0534767,0.731084354,1.688879924,0.778425473,-0.078939201,1.944400171,-0.695451241,-1.809474492
2,15,0.401360329,Jimmy Butler,Questionable - illness,CHI,G,67,36.92014925,20.88059701,0.955223881,5.358208955,4.791044776,1.641791045,0.641791045,0.454545455,15.43283582,0.831578947,7.089552239,1.970149254,1.301067411,-0.154249909,-0.133524099,0.799124081,1.410795603,-0.084010644,-0.317473071,0.998930265,-0.208416673
3,33,0.18159091,Chris Bosh,,MIA,F,53,33.54591195,19.05660377,1.528301887,7.358490566,2.433962264,0.679245283,0.641509434,0.466753585,14.47169811,0.794776119,5.056603774,1.471698113,0.945190821,0.473905284,0.699548676,-0.27870037,-0.815802803,-0.084495461,0.037931591,0.254171414,0.402569043
2,19,0.339888335,Klay Thompson,,GSW,G,80,33.33145833,22.1375,3.45,3.825,2.075,0.75,0.625,0.46969697,17.325,0.873303167,2.7625,1.725,1.54629987,2.580293309,-0.772071508,-0.442843247,-0.652130232,-0.11291787,0.140235183,0.680049945,0.092079564
6,66,-0.016754831,Nikola Jokic,,DEN,C,80,21.65666667,9.925,0.35,7,2.3625,0.9875,0.625,0.510851419,7.4875,0.810526316,2.375,1.3,-0.836462717,-0.817640442,0.550245333,-0.31137796,-0.102735967,-0.11291787,0.650380141,0.216684818,0.613031185
11,126,-0.244274758,Tristan Thompson,,CLE,C,82,27.67337398,7.841463415,0,9,0.768292683,0.463414634,0.62195122,0.588095238,5.12195122,0.615702479,2.951219512,0.743902439,-1.24297842,-1.201278123,1.383200824,-1.040362039,-1.31507068,-0.118166608,1.198200109,-1.15669595,1.294678068
1,4,0.690539037,James Harden,,HOU,G,82,38.10528455,28.97560976,2.87804878,6.12195122,7.463414634,1.682926829,0.62195122,0.439084725,19.7195122,0.860215054,10.20731707,4.56097561,2.880473224,1.953373195,0.184557557,2.021120155,1.505952504,-0.118166608,-0.986470152,2.158181513,-3.384170056
5,59,0.042435918,Nicolas Batum,,CHA,F,70,34.9652381,14.94285714,1.985714286,6.114285714,5.757142857,0.928571429,0.614285714,0.426605505,12.45714286,0.848958333,2.742857143,2.928571429,0.142563876,0.975278519,0.181365045,1.240892296,-0.239051837,-0.131363434,-0.914461932,0.509921129,-1.383220402
2,24,0.271083882,Eric Bledsoe,,PHO,G,31,34.15376344,20.38709677,1.548387097,4.032258065,6.129032258,2.032258065,0.612903226,0.453252033,15.87096774,0.802325581,5.548387097,3.580645161,1.204781318,0.495920836,-0.685753137,1.410946372,2.314039146,-0.133743506,-0.365685414,0.381761178,-2.182511855
6,63,-0.002867466,Robert Covington,,PHI,F,67,28.40323383,12.80597015,2.537313433,6.253731343,1.447761194,1.567164179,0.597014925,0.384831461,10.62686567,0.790960452,2.641791045,2.134328358,-0.274360945,1.57989057,0.239441046,-0.72966109,1.238165826,-0.161096581,-1.620560349,0.112036578,-0.409662251
10,113,-0.201718721,Jared Sullinger,Injured - fifth metatarsal surgery,BOS,F,81,23.63662551,10.2962963,0.358024691,8.308641975,2.308641975,0.925925926,0.580246914,0.434944238,9.962962963,0.639751553,1.987654321,1.259259259,-0.764019652,-0.808844516,1.095265593,-0.336005649,-0.245171517,-0.189964154,-0.571909791,-0.657788705,0.662969902
10,115,-0.203745002,Andrew Wiggins,,MIN,F,81,35.12386831,20.67901235,0.703703704,3.62962963,2.024691358,0.962962963,0.567901235,0.459041731,15.97530864,0.761061947,6.975308642,2.24691358,1.261736528,-0.429943102,-0.85343892,-0.465847908,-0.159495998,-0.211218301,-0.192751251,-0.235080396,-0.547665671
8,96,-0.154551709,Dwyane Wade,,MIA,G,74,30.51373874,19.04054054,0.094594595,4.081081081,4.648648649,1.067567568,0.567567568,0.45646661,15.98648649,0.793103448,5.486486486,2.743243243,0.942056747,-1.097592263,-0.665419437,0.734010523,0.082479454,-0.211792738,-0.270961574,0.252304853,-1.156050947
12,135,-0.257940868,Rondae Hollis-Jefferson,,BKN,G,29,21.22298851,5.75862069,0.137931034,5.310344828,1.482758621,1.344827586,0.551724138,0.456521739,4.75862069,0.711538462,1.793103448,0.896551724,-1.649358744,-1.050090859,-0.153458443,-0.713657797,0.723848146,-0.239068563,-0.073462385,-0.27378455,1.10756538
15,173,-0.364530127,Jeremy Lin,Injured - hamstring,CHA,G,78,26.2508547,11.71794872,0.974358974,3.243589744,3,0.756410256,0.538461538,0.412087912,9.333333333,0.815068493,3.743589744,1.935897436,-0.486643177,-0.133275786,-1.014215941,-0.019867975,-0.637301777,-0.261901268,-0.93971222,0.378578878,-0.166431873
4,39,0.138810557,Kevin Love,,CLE,F,77,31.48549784,16.02597403,2.051948052,9.896103896,2.428571429,0.753246753,0.532467532,0.418200409,12.7012987,0.821656051,4.077922078,1.844155844,0.353889189,1.047877857,1.756408154,-0.28116544,-0.644619716,-0.272220464,-1.135021849,0.4781252,-0.053977918
16,187,-0.382670332,Markieff Morris,,WAS,F,64,25.45104167,11.953125,0.734375,5.5,1.9375,0.90625,0.53125,0.424791086,11.21875,0.734693878,2.296875,2.109375,-0.440758285,-0.396324059,-0.074471285,-0.50571795,-0.290686636,-0.274316551,-0.861207312,-0.221475698,-0.37907521
3,35,0.160988695,Carmelo Anthony,,NYK,F,72,35.13587963,21.84722222,1.458333333,7.736111111,4.152777778,0.861111111,0.527777778,0.433817904,18.15277778,0.828784119,5.597222222,2.444444444,1.489664207,0.397212216,0.856819229,0.50726337,-0.395103675,-0.28029428,-1.08864529,0.751775261,-0.789792786
5,58,0.046766296,Tobias Harris,,DET,F,76,33.07083333,14.68421053,1.052631579,6.723684211,2.236842105,0.855263158,0.526315789,0.469066367,11.69736842,0.83127572,3.197368421,1.421052632,0.092099722,-0.047480585,0.435165956,-0.368837616,-0.408631389,-0.282811218,0.083791337,0.452951774,0.46464868
16,188,-0.383064308,Jordan Hill,,IND,C,73,20.73949772,8.835616438,0,6.178082192,1.191780822,0.493150685,0.506849315,0.50729927,7.506849315,0.712,1.712328767,1.260273973,-1.049010712,-1.201278123,0.207934858,-0.846713379,-1.246284088,-0.316324427,0.601468239,-0.259097236,0.661726098
4,40,0.134120063,Thaddeus Young,,BKN,F,73,32.97853881,15.09589041,0.095890411,9.054794521,1.849315068,1.534246575,0.506849315,0.514018692,13.19178082,0.644171779,2.232876712,1.863013699,0.172421968,-1.096171909,1.406021523,-0.546042323,1.162019541,-0.316324427,1.217837552,-0.715588078,-0.077093282
7,75,-0.075279223,Kent Bazemore,,ATL,F,75,27.69577778,11.62666667,1.453333333,5.04,2.28,1.306666667,0.506666667,0.44198895,9.653333333,0.814569536,2.013333333,1.84,-0.504453082,0.391731678,-0.266051048,-0.349102781,0.635572818,-0.316638872,-0.424875982,0.205188072,-0.048883815
15,169,-0.348950091,Jeff Green,,LAC,F,80,28.165625,11.7375,0.8375,4.15,1.725,0.725,0.5,0.430133657,10.2875,0.745454545,2.75,1.1625,-0.482828556,-0.283287957,-0.636716241,-0.602887945,-0.709961207,-0.328116111,-0.684699909,-0.193627252,0.781574356
13,147,-0.280727376,Thabo Sefolosha,,ATL,F,75,23.35866667,6.4,0.56,4.44,1.426666667,1.12,0.493333333,0.502673797,4.986666667,0.626262626,1.32,0.906666667,-1.524220188,-0.587457833,-0.515937695,-0.739306996,0.203768202,-0.339593351,0.359003887,-0.477969214,1.095166802
4,41,0.131583646,Blake Griffin,Injured - knee,LAC,F,35,33.43666667,21.4,0.171428571,8.4,4.857142857,0.8,0.485714286,0.498344371,17.25714286,0.726804124,5.542857143,2.371428571,1.402407349,-1.013373952,1.133314177,0.829348788,-0.536468281,-0.352710196,1.077244083,-0.655216921,-0.700292228
2,17,0.363496277,Kemba Walker,,CHA,G,81,35.6191358,20.85185185,2.24691358,4.419753086,5.197530864,1.567901235,0.481481481,0.426426426,16.44444444,0.847031963,5.407407407,2.111111111,1.295458985,1.261581067,-0.524370084,0.984998204,1.239870811,-0.359997332,-1.215800489,0.970928612,-0.38120328
3,32,0.198116797,Jae Crowder,,BOS,F,73,31.61506849,14.19178082,1.671232877,5.109589041,1.849315068,1.726027397,0.479452055,0.442118227,11.12328767,0.820083682,3.273972603,1.136986301,-0.0039775,0.630573037,-0.237068761,-0.546042323,1.60565442,-0.363491165,-0.488298463,0.372853685,0.812848244
12,142,-0.269342851,Kelly Olynyk,,BOS,C,69,20.21521739,9.956521739,1.231884058,4.072463768,1.52173913,0.753623188,0.47826087,0.455035971,8.057971014,0.75,1.855072464,1.072463768,-0.830312557,0.148999431,-0.669008356,-0.695833157,-0.643748931,-0.365541892,-0.153711194,-0.106866932,0.891937934
7,83,-0.107794463,Will Barton,,DEN,G,82,28.6995935,14.3902439,1.365853659,5.817073171,2.487804878,0.865853659,0.475609756,0.432926829,12,0.805970149,3.268292683,1.695121951,0.034744334,0.295844536,0.057582635,-0.254079727,-0.384133029,-0.370106012,-0.736701752,0.257995715,0.128703136
6,72,-0.056963607,Monta Ellis,,IND,G,81,33.76502058,13.83950617,1.074074074,3.358024691,4.716049383,1.839506173,0.469135802,0.427032321,12.60493827,0.786407767,2.543209877,2.50617284,-0.072709279,-0.023977302,-0.966556332,0.764830895,1.86815795,-0.381251479,-0.915221951,0.079512542,-0.865457509
15,179,-0.373480831,Jeremy Lamb,Questionable - foot,CHA,G,66,18.59469697,8.787878788,0.848484848,3.803030303,1.181818182,0.636363636,0.454545455,0.450980392,7.727272727,0.727272727,1.333333333,0.757575758,-1.058324733,-0.27124738,-0.781221398,-0.851269001,-0.914998301,-0.406370017,-0.206441659,-0.149372731,1.277917744
13,148,-0.285885217,CJ Miles,,IND,F,64,22.88489583,11.765625,2.21875,2.734375,0.984375,0.828125,0.453125,0.409162717,9.890625,0.75,1.9375,1.078125,-0.477341129,1.230710751,-1.226292549,-0.941553956,-0.471408434,-0.408815452,-1.051257791,-0.112006968,0.884998575
12,138,-0.261371941,Michael Beasley,,HOU,F,20,18.12916667,12.75,0.15,4.9,0.8,0.55,0.45,0.52195122,10.25,0.775510204,2.45,1.2,-0.285281197,-1.036861974,-0.324357932,-1.025863217,-1.114778034,-0.414195408,1.102576724,0.01080553,0.735608036
14,167,-0.341497409,Jon Leuer,Injured - right knee bone bruise,PHO,F,67,18.73631841,8.462686567,0.626865672,5.567164179,1.074626866,0.567164179,0.447761194,0.480686695,6.955223881,0.762376238,1.507462687,1.119402985,-1.121772501,-0.514165858,-0.046498899,-0.900284435,-1.075073186,-0.418049704,0.206956857,-0.038990274,0.83440132
14,158,-0.303591068,Ersan Ilyasova,,ORL,F,74,25.41058559,10.36486486,1.297297297,5.445945946,0.905405405,0.702702703,0.445945946,0.423600605,8.932432432,0.720779221,2.081081081,0.959459459,-0.750641341,0.220699384,-0.096983595,-0.977664427,-0.761540185,-0.42117481,-0.703921175,-0.271548521,1.030455058
1,11,0.481885933,Kyle Lowry,,TOR,G,77,37.02748918,21.22077922,2.753246753,4.74025974,6.415584416,2.051948052,0.441558442,0.427378965,15.55844156,0.810590631,6.376623377,2.922077922,1.367439851,1.816576737,-0.390886195,1.541978239,2.359586793,-0.428728276,-1.121676775,0.567943893,-1.375260866
11,125,-0.241295056,Michael Kidd-Gilchrist,,CHA,F,7,29.24761905,12.71428571,0.428571429,6.428571429,1.285714286,0.428571429,0.428571429,0.540983607,8.714285714,0.689655172,4.142857143,1.142857143,-0.292249358,-0.731517697,0.31225805,-0.803760371,-1.395671343,-0.451086535,1.253333315,-0.868613517,0.805651952
5,60,0.041139347,Otto Porter,,WAS,F,75,30.34533333,11.61333333,1.306666667,5.213333333,1.586666667,1.4,0.426666667,0.472144847,9.573333333,0.753968254,1.68,0.933333333,-0.507054528,0.230969221,-0.193861572,-0.666143706,0.851475126,-0.454365746,0.12619649,-0.079440806,1.062479641
11,124,-0.240987577,Kyle Korver,,ATL,G,80,30.07916667,9.2375,1.975,3.2375,2.0625,0.7625,0.425,0.435772358,7.6875,0.833333333,0.675,1.225,-0.970599812,0.963534508,-1.016752184,-0.448559129,-0.623214744,-0.457235056,-0.427039884,0.106014286,0.704963824
15,171,-0.358294915,Patrick Patterson,Questionable - knee,TOR,F,79,25.56371308,6.873417722,1.341772152,4.303797468,1.189873418,0.670886076,0.405063291,0.413793103,6.240506329,0.852941176,0.430379747,0.82278481,-1.431852365,0.269448612,-0.572663018,-0.847585579,-0.835139647,-0.491557813,-0.604976513,0.091685544,1.197986541
8,91,-0.132580332,Enes Kanter,,OKC,C,82,20.98353659,12.68292683,0.12195122,8.12195122,0.402439024,0.317073171,0.402439024,0.576388889,8.780487805,0.796812749,3.06097561,1.402439024,-0.298367743,-1.067606457,1.017513048,-1.207656148,-1.653593463,-0.496075714,1.852322719,0.172776119,0.487464654
7,76,-0.0797075,Luol Deng,,MIA,F,74,32.35045045,12.31081081,1.189189189,5.972972973,1.891891892,1,0.391891892,0.453815261,10.09459459,0.755208333,2.594594595,1.081081081,-0.370970742,0.102201258,0.122511433,-0.526573195,-0.073820479,-0.514233509,-0.21833916,-0.119518207,0.881375103
15,175,-0.366259691,Tyler Johnson,,MIA,G,36,23.95972222,8.722222222,0.75,3.055555556,2.194444444,0.666666667,0.388888889,0.487603306,6.722222222,0.796875,1.777777778,1.305555556,-1.071134888,-0.379197377,-1.092527996,-0.388224818,-0.84490015,-0.519403437,0.288515604,0.104314485,0.60622136
7,73,-0.063651187,Brandon Knight,,PHO,G,52,35.96923077,19.57692308,2.307692308,3.884615385,5.057692308,1.173076923,0.384615385,0.41452514,17.21153846,0.852459016,3.519230769,3.384615385,1.046709541,1.328201095,-0.747243027,0.921054148,0.326547811,-0.526760641,-1.661414131,0.682269245,-1.942224726
10,114,-0.202539309,Jabari Parker,,MIL,F,76,31.68399123,14.07894737,0.118421053,5.210526316,1.697368421,0.907894737,0.381578947,0.492769744,11.82894737,0.76754386,3,1.526315789,-0.025992266,-1.0714759,-0.195030632,-0.615523052,-0.286881967,-0.531988129,0.616346792,-0.04792904,0.335620415
6,70,-0.046205754,Ryan Anderson,,NOR,F,66,30.42575758,17.03030303,1.984848485,6.015151515,1.121212121,0.575757576,0.378787879,0.428263215,14.04545455,0.872807018,3.454545455,1.363636364,0.549842317,0.974329508,0.140077857,-0.878982369,-1.055194605,-0.536793193,-0.988119207,0.843960175,0.535027734
2,21,0.300666453,Damian Lillard,,POR,G,75,35.67622222,25.05333333,3.053333333,4.026666667,6.826666667,0.866666667,0.373333333,0.4192673,19.65333333,0.892241379,6.186666667,3.226666667,2.115203745,2.145503936,-0.68808183,1.729954052,-0.382252347,-0.546183662,-1.721729145,1.802199489,-1.74861616
7,81,-0.098716858,Patrick Beverley,,HOU,G,71,28.74178404,9.85915493,1.746478873,3.535211268,3.38028169,1.323943662,0.366197183,0.434343434,8.366197183,0.681818182,1.23943662,1.281690141,-0.84930965,0.71305075,-0.892762066,0.154023648,0.675538637,-0.558469158,-0.488253793,-0.277744925,0.635474834
16,182,-0.379135698,Larry Nance,Injured - knee bone bruise,LAL,F,63,20.09100529,5.53968254,0.015873016,4.952380952,0.698412698,0.857142857,0.365079365,0.526666667,4.761904762,0.680851064,0.746031746,0.650793651,-1.692075439,-1.183879589,-0.302542431,-1.072316099,-0.404283195,-0.560393578,0.559917841,-0.16545668,1.408807889
4,45,0.115102265,Danilo Gallinari,,DEN,F,53,34.6918239,19.54716981,1.641509434,5.283018868,2.528301887,0.79245283,0.358490566,0.41,13.20754717,0.868055556,8.150943396,1.452830189,1.040904426,0.597992944,-0.164839097,-0.235561637,-0.553926689,-0.571736761,-1.386034012,1.883424462,0.425696751
2,14,0.41227489,Paul George,,IND,F,81,34.80144033,23.13580247,2.592592593,6.938271605,4.061728395,1.87654321,0.358024691,0.41781768,17.87654321,0.859848485,6.518518519,3.271604938,1.741077169,1.64048248,0.524536831,0.465629168,1.953833469,-0.572538805,-1.614354957,1.375508734,-1.803700079
14,165,-0.333744142,Julius Randle,Probable - finger,LAL,F,81,28.2244856,11.34567901,0.12345679,10.2345679,1.777777778,0.654320988,0.358024691,0.428742515,10.30864198,0.714814815,3.333333333,1.839506173,-0.559276162,-1.065956189,1.89737088,-0.57875422,-0.873458656,-0.572538805,-0.713322313,-0.489483313,-0.048278497
11,122,-0.236889988,Courtney Lee,,CHA,G,79,29.55021097,9.632911392,1.037974684,2.594936709,1.721518987,1.088607595,0.35443038,0.453834116,8.088607595,0.838983051,1.493670886,0.911392405,-0.893451687,-0.06354612,-1.284365495,-0.604479709,0.131150066,-0.578726721,-0.172767265,0.244802895,1.08937414
11,132,-0.251276451,Evan Turner,,BOS,G,81,28.03251029,10.54320988,0.24691358,4.901234568,4.432098765,0.987654321,0.345679012,0.455511288,9.296296296,0.826815642,2.209876543,2.086419753,-0.715844713,-0.930634256,-0.323843762,0.634988636,-0.102378985,-0.593792952,-0.170418675,0.291374043,-0.350937391
7,80,-0.096602142,Chandler Parsons,,DAL,F,61,29.49781421,13.72131148,1.704918033,4.672131148,2.786885246,0.754098361,0.344262295,0.491551459,10.67213115,0.683823529,2.229508197,1.557377049,-0.09577007,0.667495595,-0.419260238,-0.117319079,-0.642649744,-0.596231952,0.532347062,-0.495577352,0.2975465
14,161,-0.308620875,Terrence Ross,,TOR,F,73,23.93652968,9.863013699,1.794520548,2.534246575,0.780821918,0.739726027,0.342465753,0.431309904,8.575342466,0.790322581,0.849315068,0.630136986,-0.848556771,0.765709598,-1.309641585,-1.034632789,-0.675896386,-0.599324853,-0.550029668,0.040656401,1.434128178
13,152,-0.288970509,TJ Warren,,PHO,F,47,22.77056738,10.95744681,0.595744681,3.127659574,0.936170213,0.787234043,0.340425532,0.501133787,9.382978723,0.703125,1.361702128,0.680851064,-0.635023566,-0.548277814,-1.062498277,-0.963596587,-0.565998992,-0.60283727,0.639698794,-0.234165324,1.371964459
5,55,0.049169112,Kyrie Irving,,CLE,G,53,31.45943396,19.64150943,1.58490566,2.943396226,4.679245283,1.056603774,0.339622642,0.448236633,16.58490566,0.884816754,3.603773585,2.339622642,1.059310888,0.535949114,-1.13923986,0.748001464,0.057117578,-0.604219515,-0.540305523,0.987213385,-0.66130552
6,62,0.002710222,Jrue Holiday,,NOR,G,65,28.16717949,16.75384615,1.338461538,3,6,1.353846154,0.338461538,0.438502674,14.38461538,0.842592593,3.323076923,2.569230769,0.49590323,0.265819824,-1.115665648,1.351943719,0.744710248,-0.606218453,-0.732889886,0.563540897,-0.942751934
5,54,0.057452924,Gordon Hayward,,UTA,F,80,36.16166667,19.725,1.7875,4.9625,3.7,1.1875,0.3375,0.43344426,15.025,0.823899371,5.9625,2.525,1.075600608,0.758014322,-0.298328073,0.30022142,0.359911836,-0.607873825,-0.910072063,0.728137344,-0.88853525
4,38,0.145950245,Trevor Ariza,,HOU,F,81,35.29753086,12.65432099,2.283950617,4.518518519,2.320987654,1.987654321,0.320987654,0.416083916,10.59259259,0.782608696,1.987654321,1.395061728,-0.303948986,1.302177647,-0.483236479,-0.330360333,2.210860026,-0.636301246,-0.987514785,0.045368853,0.496507511
6,65,-0.016458859,Tyreke Evans,,NOR,G,25,30.61333333,15.16,1.32,5.16,6.56,1.28,0.32,0.434504792,12.52,0.795698925,3.72,2.92,0.184930294,0.24558399,-0.216073718,1.608015235,0.573886444,-0.638001578,-0.731573436,0.197816852,-1.372713815
13,149,-0.286079513,Ish Smith,,PHI,G,77,29.07532468,12.62337662,0.727272727,3.961038961,6.519480519,1.142857143,0.311688312,0.410548087,12.55844156,0.693181818,2.285714286,2.272727273,-0.309986495,-0.404108915,-0.715414309,1.589486869,0.256642237,-0.652310864,-1.304393594,-0.455323267,-0.579307283
7,77,-0.083909383,Eric Gordon,,NOR,G,45,32.91888889,15.24444444,2.511111111,2.2,2.688888889,0.955555556,0.311111111,0.41923775,12.24444444,0.888,2.777777778,1.622222222,0.201406123,1.551170004,-1.448847845,-0.162129928,-0.176631102,-0.653304564,-1.069765962,0.784857496,0.218061329
7,74,-0.071910165,Jeff Teague,,ATL,G,79,28.43797468,15.6835443,1.392405063,2.696202532,5.949367089,1.240506329,0.303797468,0.440162272,12.48101266,0.836538462,3.949367089,2.759493671,0.287078239,0.324947735,-1.242190533,1.328790779,0.482528144,-0.665895629,-0.595359757,0.608879744,-1.175970209
4,44,0.117582588,CJ McCollum,,POR,G,80,34.74645833,20.825,2.4625,3.2375,4.2625,1.2125,0.3,0.447938505,17.8875,0.827433628,2.825,2.45,1.29021996,1.497886993,-1.016752184,0.557436113,0.417742811,-0.672433297,-0.593603414,0.374348924,-0.796602611
13,153,-0.293375913,Marcus Smart,,BOS,G,61,27.32459016,9.147540984,1,4.180327869,3.049180328,1.491803279,0.295081967,0.347826087,8.672131148,0.777108434,2.721311475,1.31147541,-0.988151581,-0.105170462,-0.624085359,0.002620741,1.063838051,-0.680900113,-1.92929605,0.021796567,0.598964989
12,137,-0.259563733,Andre Iguodala,,GSW,F,65,26.64076923,7.030769231,0.830769231,4.046153846,3.369230769,1.123076923,0.292307692,0.47826087,5.661538462,0.614457831,1.276923077,1.215384615,-1.401151748,-0.290665604,-0.679965853,0.148970387,0.210885861,-0.685676265,0.144190996,-0.49941143,0.716750059
11,127,-0.249145363,Zaza Pachulia,,DAL,C,76,26.37061404,8.552631579,0,9.447368421,1.684210526,0.842105263,0.289473684,0.465957447,6.184210526,0.768115942,3.631578947,1.565789474,-1.104223464,-1.201278123,1.569519816,-0.62153977,-0.439068744,-0.690555254,0.012332259,-0.0547298,0.287234815
11,128,-0.249811355,Marcus Morris,,DET,F,80,35.70604167,14.1375,1.35,5.05,2.5125,0.8375,0.2875,0.433403805,11.825,0.749077491,3.3875,1.75,-0.01456815,0.27846722,-0.26188627,-0.242787375,-0.449721818,-0.693953121,-0.715123068,-0.210164962,0.061435352
5,56,0.048804239,Mike Conley,,MEM,G,56,31.43720238,15.30357143,1.392857143,2.928571429,6.107142857,1.196428571,0.285714286,0.422413793,12.42857143,0.834061135,4.089285714,1.5,0.2129423,0.325443262,-1.145414059,1.400936993,0.380565755,-0.697027382,-1.011138683,0.605052485,0.367877481
9,106,-0.189267327,Lou Williams,,LAL,G,67,28.45845771,15.34328358,1.641791045,2.52238806,2.492537313,0.925373134,0.28358209,0.40778098,10.35820896,0.830188679,6.328358209,1.597014925,0.220690479,0.598301619,-1.314580392,-0.251915724,-0.246450256,-0.70069814,-1.128548911,0.870835741,0.24895964
13,151,-0.287723263,Tony Allen,,MEM,G,64,25.30963542,8.359375,0.234375,4.640625,1.09375,1.703125,0.28125,0.458422175,7.328125,0.652173913,2.15625,1.21875,-1.141929466,-0.94437789,-0.432381847,-0.891539988,1.552675701,-0.704713033,-0.091867449,-0.64800027,0.712624877
8,93,-0.134424153,JR Smith,Injured - right thumb surgery,CLE,G,77,30.67554113,12.4025974,2.649350649,2.818181818,1.701298701,1.051948052,0.272727273,0.415783274,11.02597403,0.633802817,0.922077922,0.766233766,-0.353062398,1.702695421,-1.191388875,-0.613725851,0.046347781,-0.71938564,-1.034593934,-0.314008914,1.26730503
15,177,-0.367152915,Jordan Hamilton,,NOR,F,11,27.60757576,11.36363636,1.181818182,5.636363636,2.272727273,0.727272727,0.272727273,0.422413793,10.54545455,0.666666667,1.909090909,1.545454545,-0.55577253,0.09412184,-0.017678865,-0.352428385,-0.704703846,-0.71938564,-0.856491329,-0.504198209,0.31216073
4,48,0.10395544,DeMar DeRozan,,TOR,G,78,35.94594017,23.46153846,0.602564103,4.474358974,4.038461538,1.051282051,0.269230769,0.446545455,17.62820513,0.84992343,8.371794872,2.230769231,1.804631031,-0.540802994,-0.501627947,0.454989919,0.044807163,-0.725405172,-0.631429917,1.558313316,-0.527876436
15,174,-0.365420089,Langston Galloway,,NYK,G,82,24.79552846,7.62195122,0.93902439,3.512195122,2.524390244,0.93902439,0.268292683,0.392857143,7.170731707,0.754385965,1.390243902,0.743902439,-1.285807115,-0.172006295,-0.902347779,-0.237350316,-0.214871638,-0.727020168,-0.981274133,-0.062781425,1.294678068
13,155,-0.30053004,Mirza Teletovic,,PHO,F,79,21.33523207,12.21518987,2.291139241,3.82278481,1.139240506,0.405063291,0.265822785,0.427284427,9.835443038,0.774193548,1.962025316,1.063291139,-0.3896272,1.310057152,-0.772994086,-0.870738519,-1.450051283,-0.73127231,-0.70733691,0.004011342,0.903181454
6,64,-0.004161186,Avery Bradley,Questionable - strained achilles,BOS,G,76,33.36995614,15.19736842,1.934210526,2.894736842,2.078947368,1.539473684,0.25,0.447937132,13.39473684,0.780487805,1.618421053,1.434210526,0.19222119,0.918824853,-1.159505411,-0.441038232,1.174111093,-0.758512593,-0.442149658,0.030077937,0.448520147
1,8,0.56688534,Russell Westbrook,,OKC,G,80,34.36854167,23.475,1.2625,7.85,10.45,2.0375,0.25,0.454293629,18.05,0.811518325,7.1625,4.2625,1.807257492,0.182557799,0.904251417,3.386797731,2.326164995,-0.758512593,-0.381548196,0.653307463,-3.01830805
9,108,-0.190925383,Omri Casspi,,SAC,F,69,27.25241546,11.8115942,1.623188406,5.942028986,1.376811594,0.811594203,0.246376812,0.481540931,9.028985507,0.647798742,2.304347826,1.362318841,-0.468372147,0.577911124,0.109623951,-0.762104253,-0.509648119,-0.764750223,0.280446878,-0.718078373,0.536642712
11,123,-0.238623326,PJ Tucker,,PHO,F,82,30.97093496,7.951219512,0.829268293,6.243902439,2.158536585,1.292682927,0.243902439,0.410652921,7.097560976,0.746478873,1.731707317,1.353658537,-1.221564072,-0.292310794,0.235347526,-0.404644425,0.603225085,-0.769010068,-0.73163771,-0.114273718,0.54725824
3,30,0.208980894,Khris Middleton,Injured - torn hamstring,MIL,G,79,36.10126582,18.15189873,1.810126582,3.797468354,4.189873418,1.658227848,0.240506329,0.443181818,14.48101266,0.887820513,3.949367089,2.278481013,0.768675175,0.782815492,-0.783537826,0.524226115,1.448817858,-0.774856763,-0.609368415,1.11041645,-0.586360036
8,89,-0.116129832,Gary Harris,,DEN,G,76,32.0875,12.26315789,1.381578947,2.894736842,1.934210526,1.276315789,0.236842105,0.469281046,10.06578947,0.819548872,1.75,1.289473684,-0.380268231,0.313081146,-1.159505411,-0.507222129,0.565363985,-0.78116504,0.07753164,0.20108154,0.625934011
9,101,-0.174388927,Goran Dragic,,MIA,G,72,32.81550926,14.13888889,0.888888889,3.847222222,5.819444444,0.986111111,0.236111111,0.476571429,12.15277778,0.727272727,2.291666667,2.569444444,-0.014297166,-0.226960202,-0.762816447,1.269380978,-0.105948799,-0.782423509,0.259646739,-0.263068087,-0.943013851
10,118,-0.222621035,DeMarre Carroll,,TOR,F,26,30.24807692,11,1.769230769,4.653846154,1,1.692307692,0.230769231,0.388888889,10.38461538,0.6,1.923076923,1.115384615,-0.626721076,0.737989278,-0.426875531,-0.934409104,1.527652683,-0.791620015,-1.503496768,-0.825435691,0.839326911
11,131,-0.25083104,Jerryd Bayless,Out for season - wrist surgery,MIL,G,52,28.93846154,10.40384615,1.942307692,2.711538462,3.134615385,0.903846154,0.230769231,0.423340961,8.403846154,0.777777778,1.730769231,1.403846154,-0.743035761,0.927700219,-1.235803459,0.041687678,-0.296247307,-0.791620015,-0.665839639,0.019939085,0.485739839
7,78,-0.086865776,George Hill,,IND,G,74,34.11328829,12.08108108,1.72972973,4.027027027,3.513513514,1.121621622,0.22972973,0.440540541,10,0.76,2.027027027,1.364864865,-0.415792966,0.694691886,-0.687931748,0.214946639,0.207519401,-0.793409605,-0.467943778,-0.067393685,0.533521875
8,86,-0.11237184,Kentavious Caldwell-Pope,Injured - left shoulder,DET,G,76,36.69385965,14.53947368,1.5,3.723684211,1.815789474,1.447368421,0.223684211,0.419791667,12.63157895,0.811403509,3,1.381578947,0.063860334,0.442883369,-0.81426728,-0.561372591,0.961049605,-0.803817486,-1.090621626,0.27790484,0.513034279
12,143,-0.269363751,Jared Dudley,,WAS,F,81,25.89711934,7.87654321,1.234567901,3.530864198,2.098765432,0.925925926,0.222222222,0.478439425,6.012345679,0.734693878,1.209876543,0.987654321,-1.236134053,0.151941212,-0.894572524,-0.431976014,-0.245171517,-0.806334425,0.15457063,-0.112491756,0.995894685
9,107,-0.190575878,Jarrett Jack,Questionable - acl recovery,BKN,G,32,32.0828125,12.84375,0.96875,4.21875,7.375,1.0625,0.21875,0.391061453,11.1875,0.892857143,3.5,2.9375,-0.266989775,-0.139423826,-0.608083396,1.980690745,0.070756959,-0.812312153,-1.574383728,1.028727034,-1.394164764
9,102,-0.175406516,Wesley Matthews,,DAL,G,78,33.90128205,12.52564103,2.423076923,3.051282051,1.935897436,1,0.217948718,0.387587822,10.94871795,0.863013699,1.871794872,1,-0.329055541,1.454675056,-1.094307815,-0.506450755,-0.073820479,-0.813691629,-1.612700134,0.41593091,0.98076174
9,100,-0.169340616,Deron Williams,,DAL,G,65,32.39974359,14.12307692,1.492307692,2.938461538,5.815384615,0.938461538,0.215384615,0.414193548,11.92307692,0.868932039,3.169230769,2.307692308,-0.017382215,0.434451772,-1.141295048,1.267524538,-0.216173649,-0.818105952,-1.155491891,0.744573221,-0.622166322
12,139,-0.26253696,Zach LaVine,Questionable - hip contusion,MIN,G,82,27.96788618,14.02439024,1.5,2.792682927,3.073170732,0.841463415,0.207317073,0.451041667,11.70731707,0.793103448,2.475609756,1.890243902,-0.036636825,0.442883369,-1.202008596,0.013590847,-0.440553493,-0.831994919,-0.316322598,0.118680787,-0.110471209
1,1,1.339002184,Stephen Curry,,GSW,G,79,34.17679325,30.06329114,5.088607595,5.443037975,6.670886076,2.139240506,0.202531646,0.504385965,20.20253165,0.9075,5.063291139,3.316455696,3.09268911,4.376383647,-0.098194701,1.658720173,2.561515104,-0.840233444,1.490941494,1.667874996,-1.858676726
8,95,-0.15156312,Rodney Hood,,UTA,G,79,32.1649789,14.5443038,2.037974684,3.379746835,2.696202532,0.924050633,0.202531646,0.419753086,12.30379747,0.86,2.53164557,1.582278481,0.06480273,1.032561541,-0.957509542,-0.158785615,-0.249509518,-0.840233444,-1.062973471,0.540556134,0.267023109
8,94,-0.135380882,Bradley Beal,,WAS,G,55,31.05909091,17.41818182,1.909090909,3.436363636,2.927272727,0.981818182,0.2,0.44931164,14.52727273,0.767045455,3.2,2.036363636,0.625520767,0.891291049,-0.933929905,-0.053124016,-0.11587937,-0.84459189,-0.442473107,-0.055661285,-0.289580179
13,146,-0.278281518,Allen Crabbe,,POR,G,81,25.98744856,10.27160494,1.382716049,2.666666667,1.222222222,0.777777778,0.197530864,0.459379616,8.358024691,0.867256637,1.395061728,0.790123457,-0.768837146,0.314327532,-1.254491563,-0.832793423,-0.587873593,-0.848842719,-0.090942974,0.326898422,1.238021799
16,184,-0.380288917,Kobe Bryant,,LAL,G,66,28.23207071,17.59090909,2.015151515,3.742424242,2.787878788,0.939393939,0.196969697,0.357913669,16.84848485,0.825622776,4.257575758,1.96969697,0.659221326,1.007544891,-0.806462474,-0.116864761,-0.214016783,-0.849808817,-3.434974192,0.540622834,-0.207862277
9,98,-0.166842823,Zach Randolph,,MEM,F,68,29.65294118,15.29411765,0.088235294,7.779411765,2.088235294,0.632352941,0.191176471,0.475192944,13.33823529,0.796296296,3.176470588,1.544117647,0.211097787,-1.104562741,0.874852988,-0.436791137,-0.924275998,-0.859782354,0.249176297,0.174900291,0.313799458
13,150,-0.287337813,Manu Ginobili,,SAS,G,58,19.55344828,9.568965517,1.206896552,2.517241379,3.051724138,1.137931034,0.189655172,0.452873563,7.5,0.8125,1.931034483,1.706896552,-0.905928071,0.121610434,-1.31672387,0.003783951,0.245246971,-0.862401399,-0.173163062,0.187264528,0.114270201
1,6,0.652454241,Chris Paul,,LAC,G,74,32.70653153,19.54054054,1.648648649,4.189189189,9.972972973,2.040540541,0.175675676,0.461883408,15.06756757,0.896341463,4.432432432,2.621621622,1.039610999,0.605818292,-0.620394816,3.168667313,2.333198492,-0.886468304,-0.100059234,1.338686415,-1.006970992
13,145,-0.274805761,Jordan Farmar,Note - waived,MEM,G,12,24.275,9.166666667,1.333333333,2.083333333,3.083333333,1.25,0.166666667,0.42,8.333333333,1,0.833333333,1.5,-0.984419998,0.260198759,-1.497436915,0.018237906,0.504489274,-0.901978087,-0.712970829,0.472750559,0.367877481
15,176,-0.36714536,D'Angelo Russell,Probable - knee,LAL,G,80,28.23854167,13.175,1.625,3.4,3.325,1.1625,0.1625,0.410471204,11.9375,0.736842105,2.375,2.45,-0.202360084,0.579896827,-0.94907455,0.128744959,0.30208086,-0.909151362,-1.241168037,-0.216674242,-0.796602611
14,157,-0.303180811,Tony Parker,,SAS,G,72,27.50648148,11.90277778,0.375,2.458333333,5.263888889,0.75,0.152777778,0.492957746,9.861111111,0.760233918,2.375,1.819444444,-0.450581456,-0.79023775,-1.34125776,1.015341775,-0.652130232,-0.925889003,0.518914531,-0.079099937,-0.023687462
15,170,-0.350471063,Jamal Crawford,,LAC,G,79,26.91265823,14.17721519,1.481012658,1.835443038,2.316455696,0.658227848,0.151898734,0.403191489,11.89873418,0.904059041,3.430379747,1.430379747,-0.006819379,0.422071198,-1.600677706,-0.332432664,-0.864421154,-0.927402352,-1.401370332,1.103597029,0.453215796
10,119,-0.223844511,Harrison Barnes,,GSW,F,66,30.93257576,11.72727273,1.242424242,4.924242424,1.772727273,0.621212121,0.151515152,0.466034755,9.590909091,0.76119403,2.03030303,0.878787879,-0.484823984,0.160552608,-0.314261502,-0.581063668,-0.950047377,-0.928062722,0.015279909,-0.061513604,1.129339742
15,172,-0.359186605,Arron Afflalo,,NYK,G,71,33.27934272,12.8028169,1.281690141,3.746478873,2.042253521,0.352112676,0.14084507,0.443053817,11.25352113,0.839694656,1.845070423,1.154929577,-0.274976171,0.20359226,-0.80477381,-0.457817248,-1.572538712,-0.946432184,-0.474160712,0.303573192,0.790853942
8,90,-0.12114379,Reggie Jackson,,DET,G,79,30.68628692,18.84810127,1.493670886,3.202531646,6.227848101,0.746835443,0.139240506,0.434083601,15.74683544,0.863501484,4.265822785,2.82278481,0.904510209,0.435945979,-1.031315725,1.456131949,-0.659450609,-0.949194579,-0.935159964,0.941789122,-1.253550495
5,51,0.092900538,Rajon Rondo,,SAC,G,72,35.23148148,11.93055556,0.861111111,6.055555556,11.63888889,1.972222222,0.138888889,0.453964194,10.86111111,0.58,2.083333333,3.875,-0.445161776,-0.257407637,0.15690524,3.930441624,2.175161893,-0.949799919,-0.232574765,-0.99813707,-2.543322749
4,47,0.104161153,Ricky Rubio,,MIN,G,76,30.56162281,10.07894737,0.815789474,4.289473684,8.644736842,2.131578947,0.131578947,0.373720137,7.710526316,0.847133758,4.131578947,2.552631579,-0.806426276,-0.307085031,-0.578628556,2.561304027,2.543792087,-0.962384611,-1.335683571,0.744967476,-0.92240517
16,186,-0.382550781,TJ McConnell,,PHI,G,81,19.82633745,6.086419753,0.382716049,3.086419753,4.530864198,1.172839506,0.12345679,0.469827586,5.728395062,0.634146341,0.50617284,1.728395062,-1.58540236,-0.781780129,-1.079673744,0.680151161,0.325998609,-0.976367603,0.054168288,-0.167969255,0.087918005
4,37,0.154484253,Isaiah Thomas,,BOS,G,82,32.24857724,22.23170732,2.036585366,2.963414634,6.207317073,1.109756098,0.109756098,0.4276411,16.85365854,0.871323529,6.634146341,2.682926829,1.564680518,1.031038699,-1.130902639,1.446743714,0.180071608,-0.999954522,-1.20747026,1.588268143,-1.082116985
12,134,-0.257024374,Jose Calderon,,NYK,G,72,28.02638889,7.555555556,1.166666667,3.180555556,4.138888889,0.875,0.097222222,0.459340659,6.319444444,0.875,0.666666667,1.208333333,-1.298761474,0.077514149,-1.040468278,0.50091239,-0.362975355,-1.021532666,-0.066902839,0.173601412,0.725393299
10,112,-0.19922536,Jordan Clarkson,,LAL,G,79,32.30949367,15.50632911,1.405063291,3.974683544,2.430379747,1.113924051,0.088607595,0.432999088,13.88607595,0.803921569,2.582278481,1.708860759,0.252502049,0.338822515,-0.709731643,-0.280338549,0.189713079,-1.036363487,-0.85208701,0.19259227,0.111862537
13,156,-0.30182737,Toney Douglas,,NOR,G,61,20.6931694,8.737704918,1.327868852,2.344262295,2.540983607,1.147540984,0.081967213,0.412556054,7.31147541,0.848484848,1.62295082,1.049180328,-1.068114082,0.254209099,-1.388765809,-0.22976266,0.26747708,-1.047795475,-0.727588326,0.303415804,0.920478042
6,69,-0.03847091,JJ Redick,,LAC,G,75,27.95822222,16.34666667,2.666666667,1.853333333,1.413333333,0.56,0.066666667,0.479545455,11.73333333,0.887804878,2.733333333,1.04,0.41645905,1.721675641,-1.593226796,-0.745403937,-1.091645644,-1.07413668,0.317189121,0.771120057,0.931730999
7,79,-0.087453171,Darren Collison,,SAC,G,74,29.98445946,13.98648649,1.175675676,2.283783784,4.297297297,1.027027027,0.054054054,0.485824742,10.48648649,0.85840708,3.054054054,1.743243243,-0.04403217,0.087388992,-1.413953763,0.573347893,-0.011300506,-1.095850376,0.409368632,0.638235185,0.069717571
13,154,-0.2959746,Joe Johnson,,MIA,F,81,33.37366255,12.24691358,1.481481481,3.604938272,3.925925926,0.75308642,0.049382716,0.438882421,10.60493827,0.830985915,1.75308642,1.975308642,-0.383437635,0.422585079,-0.863722321,0.403530696,-0.644990605,-1.103892486,-0.530174759,0.251071516,-0.214740889
6,68,-0.038303853,Evan Fournier,,ORL,G,79,32.48227848,15.35443038,1.974683544,2.848101266,2.696202532,1.215189873,0.025316456,0.461786868,11.75949367,0.836134454,3.012658228,1.683544304,0.222865314,0.963187639,-1.178928091,-0.158785615,0.423965131,-1.145324621,-0.078151054,0.463541968,0.142894652
