Round,Rank,Value,Name,Inj,Team,Pos,g,m/g,p/g,3/g,r/g,a/g,s/g,b/g,fg%,fga/g,ft%,fta/g,to/g,pV,3V,rV,aV,sV,bV,fg%V,ft%V,toV
1,1,1.034850075,Kevin Durant,,GSW,F,40,34.54333333,25.95,1.925,8.625,4.675,1.15,1.65,0.536764706,17,0.861940299,6.7,2.3,1.935877814,0.692716705,1.084997444,0.747792867,0.365945803,1.784408988,2.063301356,1.301065535,-0.662455841
1,2,0.935429664,Anthony Davis,,NOR,F,38,37.11578947,29.36842105,0.552631579,12.42105263,2.157894737,1.315789474,2.605263158,0.498762376,21.26315789,0.796143251,9.552631579,2.552631579,2.522290825,-0.785990402,2.476284641,-0.368403167,0.760722805,3.495096685,1.113992545,0.160938009,-0.956064963
1,3,0.864207518,Giannis Antetokounmpo,,MIL,F,37,34.70225225,23.18918919,0.702702703,8.810810811,5.621621622,1.837837838,2,0.532646048,15.72972973,0.779411765,7.351351351,2.918918919,1.462274547,-0.624290939,1.153098766,1.16756685,2.003821559,2.41118988,1.793679823,-0.207707694,-1.381765127
1,4,0.79240555,Kawhi Leonard,,SAS,F,38,33.09649123,24.60526316,2.052631579,5.657894737,3.026315789,1.842105263,0.684210526,0.482649842,16.68421053,0.907407407,7.105263158,1.842105263,1.705194944,0.830237884,-0.002473139,0.016693217,2.013983129,0.054870737,0.392905762,2.250526718,-0.130289306
1,5,0.7386832,Chris Paul,,LAC,G,35,31.38619048,17.74285714,1.942857143,5.4,9.828571429,2.285714286,0.142857143,0.469248292,12.54285714,0.875776398,4.6,2.371428571,0.527983561,0.711957518,-0.096993864,3.03311485,3.070302545,-0.914586281,-0.002934933,1.064775724,-0.745470325
1,6,0.715097711,Stephen Curry,,GSW,G,40,33.62916667,24.725,3.775,4.275,5.925,1.7,0.2,0.469153515,17.425,0.929292929,4.95,3,1.725735199,2.686064925,-0.509316413,1.302098269,1.675602842,-0.812254707,-0.015876925,1.859823991,-1.475997784
1,7,0.622897382,James Harden,,HOU,G,42,36.64325397,28.5952381,3.071428571,8.214285714,11.73809524,1.357142857,0.380952381,0.442748092,18.71428571,0.848758465,10.54761905,5.738095238,2.389655161,1.927976895,0.934466989,3.879882339,0.859193259,-0.488204722,-0.912226573,1.673552767,-4.658219674
1,8,0.606733035,Kyle Lowry,,TOR,G,39,37.40555556,22.35897436,3.307692308,5,7.153846154,1.58974359,0.333333333,0.479166667,14.76923077,0.830434783,5.897435897,2.923076923,1.31985535,2.182547651,-0.243597437,1.847023117,1.413060871,-0.573481034,0.257391011,0.644395352,-1.386597571
1,9,0.59863794,Jimmy Butler,,CHI,G,39,36.70726496,25.07692308,1.256410256,6.717948718,4.615384615,1.769230769,0.333333333,0.452631579,17.05128205,0.874331551,9.58974359,2.076923077,1.786105841,-0.027679065,0.386046114,0.721356763,1.840454776,-0.573481034,-0.524435497,2.182568778,-0.403195221
1,10,0.514955002,DeMarcus Cousins,,SAC,C,38,34.57412281,27.97368421,1.815789474,9.921052632,4.131578947,1.421052632,1.368421053,0.454198473,20.68421053,0.777777778,9.473684211,3.184210526,2.283030705,0.575043944,1.56001231,0.506815888,1.01137487,1.280156691,-0.582394283,-0.309357333,-1.69008777
1,11,0.492385734,Isaiah Thomas,,BOS,G,36,33.95416667,28.22222222,2.861111111,2.694444444,6.194444444,0.777777778,0.138888889,0.456521739,19.16666667,0.907051282,8.666666667,2.388888889,2.325666156,1.701362876,-1.088604142,1.421581877,-0.520387748,-0.921692641,-0.457489972,2.736797948,-0.765762754
1,12,0.441240724,Draymond Green,,GSW,F,38,33.03377193,10.65789474,1.105263158,8.5,7.631578947,2.078947368,1.263157895,0.442424242,8.684210526,0.682692308,2.736842105,2.342105263,-0.687406256,-0.190537876,1.039183827,2.058871011,2.577950275,1.09165116,-0.416260611,-0.790894316,-0.711390694
2,13,0.437453924,John Wall,,WAS,G,37,36.44864865,22.86486486,1.108108108,4.567567568,10.13513514,2.243243243,0.540540541,0.461538462,18.27027027,0.819004525,5.972972973,4.324324324,1.406638333,-0.187472483,-0.402087786,3.169058785,2.969170727,-0.202413839,-0.269307975,0.468630747,-3.015131192
2,14,0.432580096,Otto Porter,Probable - hip,WAS,F,39,33.86794872,14.1025641,1.717948718,6.461538462,1.641025641,1.564102564,0.692307692,0.534146341,10.51282051,0.803571429,1.435897436,0.769230769,-0.096490478,0.469621946,0.292069465,-0.597605832,1.352004599,0.069371163,1.234817522,0.052824071,1.11660841
2,15,0.42785407,Russell Westbrook,,OKC,G,41,34.70284553,30.75609756,2,10.75609756,10.53658537,1.463414634,0.292682927,0.423746162,23.82926829,0.820093458,10.43902439,5.365853659,2.76033978,0.773528119,1.866063736,3.34707961,1.112247042,-0.646277886,-1.98646665,0.849772352,-4.225599476
2,16,0.427825682,CJ McCollum,,POR,G,42,34.76031746,23.78571429,2.619047619,3.619047619,3.785714286,1,0.785714286,0.483870968,18.45238095,0.902597403,3.666666667,2.238095238,1.564605439,1.440542968,-0.749728819,0.353444167,0.008766611,0.236643928,0.472887546,1.113779255,-0.590509954
2,17,0.427659825,Paul George,,IND,F,32,35.33229167,22.0625,2.3125,6.21875,3.25,1.84375,0.28125,0.44606947,17.09375,0.923076923,4.875,2.78125,1.268996659,1.110242346,0.203085325,0.11588471,2.017899567,-0.666752,-0.728617095,1.749964844,-1.221765927
2,18,0.416612677,Karl-Anthony Towns,,MIN,C,40,35.67458333,21.925,1.125,11.875,2.95,0.625,1.5,0.48766328,17.225,0.816326531,4.9,2.7,1.245409223,-0.169271714,2.276151474,-0.017148587,-0.88418137,1.515788606,0.561050279,0.349053133,-1.127336951
2,19,0.41056728,LeBron James,,CLE,F,36,37.09259259,25.80555556,1.805555556,7.75,8.25,1.444444444,0.527777778,0.5173454,18.41666667,0.703557312,7.027777778,4.027777778,1.911099093,0.564017045,0.764302128,2.333106315,1.067075329,-0.225269427,1.586701163,-1.635442154,-2.670483972
2,20,0.386002998,Myles Turner,,IND,C,38,29.65219298,15.57894737,0.657894737,7.526315789,0.947368421,0.710526316,2.368421053,0.527315914,11.07894737,0.809210526,4,1.342105263,0.156775677,-0.672570874,0.682319867,-0.905204187,-0.680526567,3.07095924,1.163266656,0.208195089,0.450812083
2,21,0.377241405,Kevin Love,,CLE,F,35,32.02714286,21.17142857,2.685714286,11,1.714285714,0.885714286,0.428571429,0.434862385,15.57142857,0.882653061,5.6,2.057142857,1.116137818,1.512375336,1.955456158,-0.565119069,-0.263369917,-0.40292841,-0.977248061,1.400075381,-0.380206595
2,22,0.368181982,Al Horford,,BOS,F,30,32.96833333,15.16666667,1.533333333,6.833333333,4.9,0.8,1.866666667,0.459183673,13.06666667,0.816666667,2,1.666666667,0.086050987,0.270701542,0.428335606,0.847567839,-0.467472312,2.172416207,-0.241791174,0.144223229,0.073605918
2,23,0.359015883,Damian Lillard,,POR,G,37,35.78468468,26.32432432,2.513513514,4.756756757,6.054054054,0.783783784,0.216216216,0.447887324,19.18918919,0.890909091,7.432432432,2.675675676,2.000091277,1.326831497,-0.332748258,1.359326556,-0.506086279,-0.783214666,-0.757637393,2.023647366,-1.099067154
2,24,0.339459327,Kemba Walker,,CHA,G,39,33.79358974,22.94871795,2.769230769,4.282051282,5.41025641,1.282051282,0.230769231,0.461760462,17.76923077,0.830508475,4.538461538,2.333333333,1.42102291,1.602363138,-0.506732055,1.073838147,0.680385605,-0.75715309,-0.254168945,0.496774164,-0.701195933
3,25,0.321651573,Gordon Hayward,,UTA,F,35,34.91047619,22.14285714,1.971428571,5.828571429,3.571428571,1.057142857,0.342857143,0.468164794,15.25714286,0.869198312,6.771428571,2.114285714,1.282781524,0.742742819,0.060081393,0.258420384,0.144834875,-0.556425772,-0.03836026,1.447407376,-0.446618182
3,26,0.312857034,Kristaps Porzingis,Out - sore left achilles,NYK,F,36,34.09722222,19.44444444,2.111111111,7.388888889,1.361111111,0.75,2,0.449557522,15.69444444,0.789115646,4.083333333,1.777777778,0.819882341,0.893248733,0.63195168,-0.721732341,-0.586532043,2.41118988,-0.568136298,-0.00863092,-0.055527724
3,27,0.30279146,Kyrie Irving,,CLE,G,34,34.96568627,23.82352941,2.352941176,3.5,5.705882353,1.176470588,0.147058824,0.465007776,18.91176471,0.897959184,4.323529412,2.617647059,1.571092435,1.153817128,-0.793360835,1.204931792,0.428977425,-0.907061901,-0.160926286,1.259279514,-1.031626134
3,28,0.302324138,Rudy Gobert,,UTA,C,42,33.33174603,12.28571429,0,12.4047619,0.928571429,0.738095238,2.523809524,0.661764706,6.476190476,0.661016949,5.619047619,1.80952381,-0.408161965,-1.381442929,2.470313944,-0.913539607,-0.614879598,3.34922931,2.26375522,-1.951934082,-0.09242305
3,29,0.285631657,Marc Gasol,,MEM,C,40,33.88458333,19.3,1.3,5.95,4.275,1.05,1.4,0.452380952,15.75,0.824175824,4.55,2,0.79510362,0.019288253,0.104586049,0.570415139,0.127826342,1.336708351,-0.489822089,0.420374253,-0.313795007
3,30,0.247831254,Trevor Ariza,,HOU,F,42,34.23452381,12.64285714,2.714285714,5.214285714,2.142857143,1.976190476,0.285714286,0.434482759,10.35714286,0.672413793,1.380952381,0.880952381,-0.346895896,1.543160637,-0.165059808,-0.375071503,2.333266116,-0.658757346,-0.649531387,-0.43739477,0.986765243
3,31,0.236009845,Mike Conley,,MEM,G,30,32.23055556,18.73333333,2.266666667,3.733333333,6.1,1.3,0.433333333,0.438388626,14.06666667,0.849315068,4.866666667,2.266666667,0.697894791,1.060857593,-0.707842084,1.379701025,0.723124995,-0.394400779,-0.790935176,0.779403987,-0.623715748
3,32,0.223555815,DeMar DeRozan,,TOR,G,39,35.53888889,28.17948718,0.358974359,5.358974359,3.743589744,1.282051282,0.179487179,0.474251497,21.41025641,0.841954023,8.923076923,2.41025641,2.318335174,-0.994653254,-0.112030127,0.334764278,0.680385605,-0.848989118,0.172668178,1.252117747,-0.790596147
3,33,0.2210941,Hassan Whiteside,,MIA,C,37,33.83693694,17.56756757,0,14.32432432,0.72972973,0.783783784,2.189189189,0.555780933,13.32432432,0.551351351,5,2.081081081,0.497913512,-1.381442929,3.173850717,-1.001714829,-0.506086279,2.749990362,2.080217185,-3.214853173,-0.408027665
3,34,0.215181331,George Hill,,UTA,G,18,31.05277778,18.16666667,2.166666667,3.555555556,4.388888889,1.055555556,0.222222222,0.518018018,12.33333333,0.773333333,4.166666667,1.5,0.600685962,0.95310904,-0.772999228,0.62091852,0.141055201,-0.772459095,1.085066109,-0.186050915,0.267306381
3,35,0.204983374,Serge Ibaka,,ORL,F,41,30.73780488,15.46341463,1.43902439,7.12195122,1.073170732,0.487804878,1.682926829,0.487712665,12.90243902,0.808219178,1.780487805,1.12195122,0.136956615,0.169085021,0.53411664,-0.849417867,-1.210869655,1.843374438,0.427090765,0.087838685,0.706675724
3,36,0.2021591,Rudy Gay,,SAC,F,28,33.86190476,18.53571429,1.321428571,6.25,2.857142857,1.464285714,0.821428571,0.454987835,14.67857143,0.850393701,4.535714286,2.428571429,0.663994233,0.042377228,0.214538729,-0.058325559,1.114321254,0.300601162,-0.385772137,0.739578904,-0.811881912
4,37,0.193104663,Avery Bradley,Questionable - strained achilles,BOS,G,35,34.98047619,18.02857143,2.142857143,7.028571429,2.342857143,1.314285714,0.228571429,0.47834275,15.17142857,0.761904762,1.8,1.8,0.576996416,0.927454623,0.499892112,-0.286382639,0.757142061,-0.76108892,0.241182165,-0.135899396,-0.081354452
4,38,0.192257497,Paul Millsap,,ATL,F,36,34.06064815,17.77777778,1.083333333,8.111111111,3.805555556,1.611111111,0.888888889,0.44,14.58333333,0.759562842,5.083333333,2.194444444,0.533974021,-0.214166944,0.896652576,0.362242666,1.463941098,0.421409271,-0.778328332,-0.415627997,-0.539778881
4,39,0.182407276,Brook Lopez,,BKN,C,36,29.35694444,20.11111111,1.833333333,5,2.666666667,0.555555556,1.666666667,0.467652495,15.02777778,0.835164835,5.055555556,2.444444444,0.934245668,0.593947199,-0.243597437,-0.142791144,-1.049542107,1.814255697,-0.051363392,0.616840571,-0.830329575
4,40,0.171434536,Jeff Teague,,IND,G,39,31.84615385,15.58974359,0.897435897,4,7.897435897,1.615384615,0.487179487,0.440979955,11.51282051,0.846889952,5.358974359,2.743589744,0.158627715,-0.414468741,-0.610106369,2.176763766,1.474117143,-0.29797295,-0.589284903,0.823232239,-1.177997072
4,41,0.141691173,Klay Thompson,,GSW,G,39,34.44102564,21.30769231,3,3.769230769,2.025641026,0.794871795,0.435897436,0.471810089,17.28205128,0.838709677,2.384615385,1.820512821,1.13951318,1.851013644,-0.694685353,-0.427050324,-0.479683567,-0.389808978,0.067451894,0.313664572,-0.105194509
4,42,0.126910163,Bradley Beal,,WAS,G,35,34.32285714,22.42857143,2.914285714,2.771428571,3.428571429,0.914285714,0.285714286,0.458053691,17.02857143,0.805882353,4.857142857,1.8,1.331794379,1.758657742,-1.060388772,0.195071196,-0.195335785,-0.658757346,-0.356761364,0.209265865,-0.081354452
4,43,0.126561405,Eric Bledsoe,,PHO,G,40,32.65375,20.05,1.4,4.975,5.9,1.475,0.475,0.44516129,15.5,0.825531915,5.875,3.15,0.923762363,0.127036805,-0.25276016,1.29101216,1.139834053,-0.319784006,-0.684025279,0.564304911,-1.650328201
4,44,0.121399655,LaMarcus Aldridge,,SAS,F,36,32.17777778,17.5,0.416666667,7.083333333,2.027777778,0.638888889,1,0.504048583,13.72222222,0.829787234,3.916666667,1.388888889,0.486322634,-0.932490627,0.519962839,-0.426102794,-0.851109222,0.620387331,0.858106211,0.421080497,0.396440023
4,45,0.120971074,Jae Crowder,,BOS,F,32,31.7703125,12.96875,2.25,4.9375,2.15625,1.03125,0.34375,0.484949833,9.34375,0.883333333,1.875,1.125,-0.290990609,1.042899501,-0.266504245,-0.369132516,0.083178943,-0.554826841,0.268860859,0.472122149,0.703132422
4,46,0.11954396,Nikola Jokic,,DEN,C,34,24.7627451,13.32352941,0.441176471,7.852941176,3.852941176,0.588235294,0.588235294,0.586319218,9.029411765,0.8125,2.823529412,1.705882353,-0.230129978,-0.906081668,0.802030988,0.38325555,-0.971725289,-0.117001953,1.915563268,0.171955383,0.028029339
4,47,0.116679748,Carmelo Anthony,,NYK,F,39,33.38760684,22.12820513,1.948717949,6.051282051,3.153846154,1,0.358974359,0.424033149,18.56410256,0.852216749,5.205128205,1.717948718,1.280268045,0.718272452,0.141706826,0.073245833,0.008766611,-0.52756302,-1.532913285,0.874328493,0.014005776
4,48,0.102909906,Zach LaVine,Questionable - hip contusion,MIN,G,37,37.3981982,20.37837838,2.864864865,3.324324324,3.108108108,0.837837838,0.216216216,0.468590832,15.91891892,0.857142857,3.027027027,2,0.980094029,1.705407492,-0.85774754,0.052963556,-0.377373056,-0.783214666,-0.028743467,0.548597813,-0.313795007
5,49,0.099422083,Patrick Beverley,,HOU,G,28,31.02202381,8.892857143,1.571428571,6.071428571,4.392857143,1.535714286,0.464285714,0.430555556,7.714285714,0.826086957,0.821428571,1.464285714,-0.990189615,0.311748609,0.149090705,0.62267822,1.284406583,-0.338971177,-0.532789108,0.080010907,0.308813623
5,50,0.095617223,Joel Embiid,Questionable - rest b2b,PHI,C,27,25.22530864,19.59259259,1.074074074,7.555555556,1.962962963,0.777777778,2.296296296,0.461126005,13.81481481,0.791878173,7.296296296,3.666666667,0.845296413,-0.224143662,0.693036502,-0.454844555,-0.520387748,2.941798042,-0.208414405,0.039014052,-2.250799636
5,51,0.095283347,Jabari Parker,,MIL,F,38,34.12807018,20.76315789,1.473684211,5.736842105,2.631578947,1,0.342105263,0.496774194,16.31578947,0.726708075,4.236842105,1.552631579,1.046101028,0.206430475,0.026461777,-0.158350594,0.008766611,-0.55777224,0.801411421,-0.721636172,0.206137814
5,52,0.070277158,Blake Griffin,Injured - knee,LAC,F,26,33.64294872,21.19230769,0.192307692,8.884615385,4.692307692,1.038461538,0.576923077,0.48018648,16.5,0.748603352,6.884615385,2.384615385,1.119719527,-1.174234174,1.180148801,0.755467865,0.100351019,-0.137259901,0.315325677,-0.766228318,-0.760796076
5,53,0.069632747,Harrison Barnes,,DAL,F,39,35.96153846,20.84615385,1.102564103,5.435897436,1.487179487,0.897435897,0.256410256,0.478770132,17.51282051,0.859259259,3.461538462,1.282051282,1.060338568,-0.193446069,-0.083837133,-0.665828036,-0.235458478,-0.711235076,0.288442288,0.647111675,0.520606986
5,54,0.066982458,Nicolas Batum,,CHA,F,37,34.46891892,15.16216216,1.648648649,7.324324324,5.72972973,1.162162162,0.405405405,0.402597403,12.48648649,0.842105263,4.108108108,2.351351351,0.085278262,0.394952124,0.60828819,1.215506776,0.394906278,-0.444414184,-1.50760387,0.578065065,-0.722136524
5,55,0.060705451,Steven Adams,,OKC,C,41,30.15487805,12.19512195,0,7.585365854,1.12195122,1.243902439,1.048780488,0.597667638,8.365853659,0.714285714,3.073170732,1.853658537,-0.423702626,-1.381442929,0.703962242,-0.827786437,0.589545785,0.707743553,1.948117145,-0.626371125,-0.143716552
5,56,0.04212958,DeAndre Jordan,,LAC,C,42,31.96984127,12.0952381,0,13.83333333,0.904761905,0.595238095,1.738095238,0.680272109,7,0.516746411,4.976190476,1.619047619,-0.440837201,-1.381442929,2.993898133,-0.924097805,-0.955050257,1.942170165,2.67926725,-3.663690041,0.128948908
5,57,0.031666656,Tobias Harris,,DET,F,42,32.91666667,16.52380952,1.357142857,5.071428571,1.714285714,0.714285714,0.547619048,0.480357143,13.33333333,0.9,2.619047619,1.30952381,0.318862047,0.080858854,-0.217418227,-0.565119069,-0.671574708,-0.189737631,0.26326866,0.777181636,0.488678339
5,58,0.027523793,Danilo Gallinari,,DEN,F,35,33.96428571,17.08571429,1.885714286,4.914285714,2.142857143,0.742857143,0.257142857,0.427160494,11.57142857,0.889952153,5.971428571,1.371428571,0.415253995,0.650386917,-0.275012488,-0.375071503,-0.603540576,-0.709923133,-0.881538608,1.610427079,0.416732452
5,59,0.012855302,Eric Gordon,,HOU,G,40,30.61333333,17.725,3.7,2.725,2.85,0.625,0.5,0.429840142,14.075,0.846153846,2.275,1.775,0.524920258,2.605253511,-1.077405258,-0.061493019,-0.88418137,-0.275013943,-1.008970324,0.344887246,-0.052299383
5,60,0.002132697,Marcin Gortat,,WAS,C,39,35.58333333,11.48717949,0,11.76923077,1.717948718,0.487179487,1.051282051,0.584070796,8.692307692,0.619047619,2.153846154,1.769230769,-0.54514661,-1.381442929,2.237386106,-0.563494731,-1.212358833,0.71222336,1.809555077,-0.991932804,-0.045594367
6,61,-0.001009117,Andre Drummond,,DET,C,41,30.81626016,14.53658537,0.024390244,13.51219512,1.073170732,1.512195122,1.243902439,0.542194093,11.56097561,0.445054945,4.43902439,2.024390244,-0.022036304,-1.355162794,2.87619811,-0.849417867,1.228402877,1.057168441,1.523901906,-4.125995003,-0.342141417
6,62,-0.009096204,Nikola Vucevic,,ORL,C,39,28.26495726,13.71794872,0.282051282,10.23076923,2.846153846,0.897435897,1.025641026,0.464354528,13.30769231,0.608695652,1.769230769,1.641025641,-0.162469321,-1.077536755,1.67352621,-0.063198574,-0.235458478,0.666305346,-0.122248083,-0.86419217,0.103405989
6,63,-0.011215965,Trevor Booker,,BKN,F,36,27.3662037,9.833333333,0.361111111,9.083333333,2.444444444,1.388888889,0.5,0.517361111,8,0.671875,1.777777778,1.805555556,-0.828855635,-0.992350934,1.252980704,-0.241334327,0.934786739,-0.275013943,0.7022802,-0.565625356,-0.087811134
6,64,-0.012016367,Tyler Johnson,,MIA,G,38,30.98464912,13.92105263,1.368421053,4.473684211,3.210526316,1.157894737,0.789473684,0.431151242,11.65789474,0.748031496,3.342105263,1.026315789,-0.127627862,0.093010946,-0.436496875,0.098380329,0.384744708,0.243376269,-0.804174406,-0.377183901,0.817823486
6,65,-0.015682218,Gorgui Dieng,,MIN,F,40,32.76958333,10.4,0.15,7.6,2.05,0.95,1.15,0.516224189,8.475,0.769230769,1.95,1.625,-0.731646806,-1.2198201,0.709325788,-0.416248475,-0.11029312,0.889007714,0.725211636,-0.108707631,0.122031034
6,66,-0.023942141,Kentavious Caldwell-Pope,Injured - left shoulder,DET,G,40,33.56041667,14.525,2.2,3.375,2.95,1.275,0.175,0.426229508,12.2,0.836956522,2.3,1.275,-0.024023716,0.989025224,-0.839174452,-0.017148587,0.66359513,-0.857024771,-0.951191355,0.291661248,0.528802006
6,67,-0.02587493,Moe Harkless,Questionable - calf strain,POR,F,40,30.82291667,11.8,1.225,5,0.95,1.2,0.9,0.5,9.5,0.693548387,1.55,1.375,-0.491483818,-0.061523162,-0.243597437,-0.904037229,0.485005534,0.441307077,0.53149745,-0.402624514,0.412581728
6,68,-0.033278347,Dwight Howard,,ATL,C,35,29.29904762,13.88571429,0,13.2,1.142857143,0.857142857,1.285714286,0.636666667,8.571428571,0.547368421,5.428571429,2.228571429,-0.133689978,-1.381442929,2.76177581,-0.818515824,-0.331404048,1.132045202,2.599846579,-3.548678582,-0.579441356
6,69,-0.034344308,Ricky Rubio,,MIN,G,35,31.7052381,7.542857143,0.6,4,7.828571429,1.828571429,0.057142857,0.377358491,6.057142857,0.882978723,2.685714286,2.142857143,-1.221775354,-0.734951614,-0.610106369,2.146226208,1.981756435,-1.068083643,-0.996091406,0.673750946,-0.479823976
6,70,-0.036216475,Jonas Valanciunas,,TOR,C,37,26.82297297,12.16216216,0,9.783783784,0.621621622,0.486486486,0.756756757,0.532934132,9.027027027,0.87037037,2.918918919,1.405405405,-0.429356713,-1.381442929,1.509702051,-1.049654756,-1.214009002,0.184786712,1.043713345,0.633068539,0.377244482
6,71,-0.040858918,Dwyane Wade,Out - rest,CHI,G,37,30.53558559,18.86486486,0.945945946,4.108108108,3.864864865,1.405405405,0.675675676,0.427620632,16.24324324,0.805405405,5,2.189189189,0.720458366,-0.362199865,-0.570483782,0.388543042,0.974115779,0.039586505,-1.233076115,0.208997016,-0.533671208
6,72,-0.058996335,Thaddeus Young,,IND,F,39,31.2974359,11.69230769,1.025641026,6.282051282,1.564102564,1.384615385,0.435897436,0.522911051,9.512820513,0.538461538,1.333333333,1.641025641,-0.509957894,-0.276329571,0.22628581,-0.631716934,0.924610694,-0.389808978,0.926262222,-0.903718352,0.103405989
7,73,-0.072742938,Lucas Nogueira,,TOR,C,32,20.5265625,4.8125,0.03125,4.8125,0.90625,0.90625,1.84375,0.666666667,2.90625,0.674418605,1.34375,0.8125,-1.690154447,-1.347771506,-0.312317861,-0.923437918,-0.214470384,2.131376982,1.054121864,-0.418353956,1.06632079
7,74,-0.074157715,Pau Gasol,,SAS,C,38,26.63903509,11.94736842,0.526315789,8.078947368,2.789473684,0.421052632,1.184210526,0.509641873,9.552631579,0.646464646,2.605263158,1.263157895,-0.466203503,-0.814345285,0.884864277,-0.08833307,-1.369819745,0.950272011,0.700854219,-1.007273271,0.542564934
7,75,-0.078602321,Thabo Sefolosha,,ATL,F,36,25.84027778,7.555555556,0.555555556,4.583333333,1.666666667,1.777777778,0.583333333,0.457983193,6.611111111,0.755555556,1.25,1.055555556,-1.219597005,-0.78283986,-0.396309492,-0.586235465,1.860806867,-0.125780397,-0.125498234,-0.115808249,0.783840949
7,76,-0.082088304,Ryan Anderson,,HOU,F,42,30.9484127,14,2.785714286,5.095238095,0.976190476,0.523809524,0.261904762,0.425213675,11.14285714,0.890243902,1.952380952,0.833333333,-0.114084836,1.620123888,-0.208691824,-0.892423211,-1.125135587,-0.701395502,-0.887274226,0.527978327,1.042108232
7,77,-0.098161719,Clint Capela,Injured - left fibula,HOU,C,28,24.51190476,11.82142857,0,8.035714286,0.928571429,0.392857143,1.535714286,0.639830508,8.428571429,0.446153846,2.321428571,1.357142857,-0.487807854,-1.381442929,0.869018966,-0.913539607,-1.436958691,1.57974584,2.605109797,-2.150916339,0.433335349
7,78,-0.098377809,Greg Monroe,,MIL,C,37,21.31261261,10.78378378,0,7.054054054,2.351351351,1.27027027,0.459459459,0.521311475,8.243243243,0.743119266,2.945945946,1.540540541,-0.66581062,-1.381442929,0.509231722,-0.28261593,0.652332723,-0.347614046,0.781824218,-0.371495473,0.220190052
7,79,-0.10404354,Goran Dragic,,MIA,G,33,34.24646465,18.96969697,1.515151515,3.787878788,6.393939394,0.939393939,0.212121212,0.454183267,15.21212121,0.810810811,4.484848485,3.151515152,0.738441789,0.251110896,-0.687850688,1.51004678,-0.135548214,-0.79054801,-0.422747519,0.252792223,-1.652089114
7,80,-0.104611848,Nick Young,,LAL,F,37,26.24189189,13.67567568,2.864864865,2.081081081,1,0.594594595,0.351351351,0.451948052,10.40540541,0.838709677,1.675675676,0.594594595,-0.16972105,1.705407492,-1.313407293,-0.881865013,-0.956582557,-0.541214322,-0.324067189,0.220372242,1.319571058
7,81,-0.112581503,Lou Williams,,LAL,G,44,24.04242424,17.45454545,1.840909091,2.159090909,3,1.113636364,0.159090909,0.429090909,12.5,0.863453815,5.659090909,2.090909091,0.478525135,0.602109968,-1.284815995,0.00502363,0.279356908,-0.885514811,-0.910466049,1.121997493,-0.419449805
7,82,-0.115521916,Larry Nance,Injured - knee bone bruise,LAL,F,28,22.39761905,7.035714286,0.071428571,5.5,1.321428571,1.178571429,0.607142857,0.586666667,5.357142857,0.703703704,0.964285714,0.785714286,-1.308773171,-1.304479677,-0.06034297,-0.739329338,0.433979935,-0.083142241,1.149076651,-0.224137655,1.097451222
7,83,-0.117235048,Jeremy Lin,Injured - hamstring,BKN,G,12,25.01388889,13.91666667,1.333333333,3.25,5.75,1.333333333,0.5,0.469230769,10.83333333,0.707317073,3.416666667,2.666666667,-0.128380252,0.055204437,-0.884988068,1.224495512,0.802498149,-0.275013943,0.000207987,-0.760542392,-1.088596859
7,84,-0.120393408,Wesley Matthews,,DAL,G,38,35.71929825,15.07894737,2.868421053,3.052631579,2.236842105,1.315789474,0.236842105,0.385542169,13.10526316,0.8,2.631578947,1.447368421,0.071003181,1.709239233,-0.957325358,-0.333394405,0.760722805,-0.746277771,-1.987575899,0.071592593,0.328474948
8,85,-0.127143009,Robert Covington,,PHI,F,35,29.9647619,10.25714286,1.714285714,5.714285714,1.485714286,1.657142857,0.8,0.356932153,9.685714286,0.802816901,2.028571429,1.857142857,-0.756153234,0.465675113,0.018194658,-0.666477771,1.573551644,0.262226822,-1.964096691,0.070558414,-0.147766039
8,86,-0.132446252,Jon Leuer,Injured - right knee bone bruise,DET,F,38,26.77105263,10.86842105,0.789473684,6.105263158,1.657894737,0.5,0.368421053,0.509202454,8.578947368,0.894736842,1.5,0.815789474,-0.651291521,-0.530796462,0.161491384,-0.590125328,-1.181830697,-0.510645857,0.624909082,0.423775376,1.062497755
8,87,-0.133825604,Ersan Ilyasova,,PHI,F,38,27.40921053,14.28947368,2.052631579,6.184210526,1.605263158,0.552631579,0.342105263,0.450672646,11.73684211,0.797468354,2.078947368,1.368421053,-0.064427076,0.830237884,0.190426299,-0.613464502,-1.056504664,-0.55777224,-0.395497166,0.042343234,0.420227799
8,88,-0.140297013,Enes Kanter,,OKC,C,41,21.24430894,14.12195122,0.12195122,6.585365854,0.975609756,0.414634146,0.731707317,0.5675,9.756097561,0.779220779,3.756097561,1.512195122,-0.093164715,-1.250042255,0.33745331,-0.892680728,-1.385103408,0.139928111,1.735930012,-0.108126621,0.253133176
8,89,-0.1426304,Cody Zeller,,CHA,C,33,26.58636364,10.84848485,0,6.363636364,1.424242424,0.727272727,1.121212121,0.585774059,7.242424242,0.666666667,3.545454545,1.181818182,-0.654711477,-1.381442929,0.256187471,-0.693737119,-0.640650102,0.837454307,1.533801363,-1.177673292,0.637098174
8,90,-0.144795116,CJ Miles,,IND,F,33,21.95858586,11.15151515,2.121212121,2.96969697,0.666666667,0.666666667,0.454545455,0.444055944,8.666666667,0.916666667,1.454545455,0.484848485,-0.602728146,0.904132425,-0.987721633,-1.029679786,-0.784964927,-0.356414059,-0.389804523,0.496906309,1.447118291
8,91,-0.146341447,Wilson Chandler,,DEN,F,35,31.17952381,16.37142857,1.6,6.885714286,2.028571429,0.771428571,0.257142857,0.454545455,14.14285714,0.720430108,2.657142857,1.6,0.292721858,0.34253391,0.447533693,-0.425750854,-0.535506444,-0.709923133,-0.382179024,-0.497589136,0.151086103
8,92,-0.148026351,Terrence Ross,,TOR,F,38,21.6372807,10.57894737,1.657894737,2.263157895,0.631578947,1.131578947,0.342105263,0.454277286,8.921052632,0.885714286,0.921052632,0.447368421,-0.700949282,0.404914651,-1.246674515,-1.045239236,0.322081692,-0.55777224,-0.23703686,0.237760902,1.490677725
8,93,-0.149597636,Mason Plumlee,,POR,C,42,27.77738095,10.97619048,0,7.547619048,4.333333333,0.928571429,1.142857143,0.550295858,8.047619048,0.536144578,3.952380952,1.571428571,-0.632804216,-1.381442929,0.690127701,0.596282724,-0.161318719,0.876216267,1.185561925,-2.703293374,0.184291897
8,94,-0.150015267,Victor Oladipo,,OKC,G,32,33.89270833,16.15625,2.1875,4.34375,2.6875,0.9375,0.25,0.452914798,13.9375,0.651515152,2.0625,1.65625,0.255809052,0.975556655,-0.484118923,-0.133552721,-0.140058053,-0.72271458,-0.417394626,-0.769376409,0.085712197
8,95,-0.151139307,Tyson Chandler,,PHO,C,32,28.05052083,7.8125,0,12.0625,0.59375,0.625,0.46875,0.67114094,4.65625,0.666666667,2.34375,1.5625,-1.175519472,-1.381442929,2.344871899,-1.062014268,-0.88418137,-0.330976522,1.712896584,-0.77855639,0.194668708
8,96,-0.164838963,DeMarre Carroll,,TOR,F,34,26.53382353,10.11764706,1.852941176,3.794117647,0.852941176,1.117647059,0.382352941,0.43115942,8.117647059,0.754385965,1.676470588,0.676470588,-0.780083039,0.615074366,-0.68556409,-0.947077413,0.288907154,-0.485696595,-0.552967967,-0.160557632,1.22441455
9,97,-0.166898978,James Johnson,,MIA,F,36,25.36203704,11.69444444,1.333333333,4.888888889,2.916666667,0.722222222,0.944444444,0.495238095,8.75,0.693181818,2.444444444,2.055555556,-0.509591345,0.055204437,-0.284320651,-0.031930064,-0.652676338,0.520898301,0.415986286,-0.637299598,-0.378361828
9,98,-0.167946372,Jrue Holiday,,NOR,G,26,30.87115385,14,1.346153846,3.538461538,7.192307692,1.269230769,0.384615385,0.418960245,12.57692308,0.696202532,3.038461538,2.423076923,-0.114084836,0.069018354,-0.779264338,1.864078668,0.649857469,-0.481645006,-1.146585871,-0.767395603,-0.805496182
9,99,-0.169863187,Dwight Powell,,DAL,F,39,20.00512821,7.58974359,0.076923077,4.948717949,0.794871795,1.102564103,0.615384615,0.537383178,5.487179487,0.777777778,2.076923077,0.512820513,-1.213732219,-1.298559427,-0.262392766,-0.97282795,0.2529917,-0.068382879,0.687453268,-0.067927535,1.414609122
9,100,-0.175778541,Taj Gibson,,CHI,F,41,27.64308943,11.87804878,0.024390244,7.219512195,1.170731707,0.56097561,1.048780488,0.522058824,9.951219512,0.714285714,2.048780488,1.487804878,-0.478094941,-1.355162794,0.569873609,-0.806155007,-1.036635903,0.707743553,0.952571416,-0.417626384,0.281479586
9,101,-0.177009551,Evan Fournier,Injured - sore right foot,ORL,G,36,33.02592593,17,1.722222222,3.055555556,3.305555556,1.027777778,0.055555556,0.443089431,13.66666667,0.826086957,3.833333333,2.055555556,0.400550139,0.474226585,-0.956253694,0.140520505,0.074910906,-1.070926186,-0.651638591,0.373886206,-0.378361828
9,102,-0.181923473,Tony Allen,,MEM,G,35,27.84761905,10.05714286,0.171428571,5.457142857,1.2,1.771428571,0.428571429,0.49,8.571428571,0.658227848,2.257142857,1.514285714,-0.790462232,-1.196731125,-0.076050496,-0.793176148,1.845688171,-0.40292841,0.326777848,-0.801132345,0.250703484
9,103,-0.18241608,JJ Redick,,LAC,G,39,27.74188034,15.58974359,2.615384615,2.128205128,1.153846154,0.615384615,0.128205128,0.457330416,11.71794872,0.862745098,2.615384615,1.333333333,0.158627715,1.436596134,-1.296135909,-0.813642809,-0.907077472,-0.940825147,-0.253762623,0.513468543,0.461006844
9,104,-0.188811166,Kenneth Faried,,DEN,F,34,21.50735294,9.147058824,0,8,0.823529412,0.794117647,0.941176471,0.532110092,6.411764706,0.705357143,3.294117647,1.117647059,-0.94658259,-1.381442929,0.855929361,-0.960119893,-0.481479339,0.515046005,0.738340988,-0.750670131,0.711678031
9,105,-0.1955996,Nerlens Noel,,PHI,F,13,14.93589744,7.538461538,0,4.076923077,0.384615385,1.076923077,0.846153846,0.6,5.384615385,0.666666667,1.615384615,0.615384615,-1.222529398,-1.381442929,-0.581913374,-1.154753825,0.191935427,0.344879247,1.284667182,-0.536647565,1.295408838
9,106,-0.200589236,Dennis Schroder,,ATL,G,39,30.79059829,17.41025641,1.307692308,3.051282051,6.256410256,0.820512821,0.179487179,0.458699473,14.58974359,0.809160305,3.358974359,2.948717949,0.470927571,0.027576603,-0.957819972,1.449060265,-0.418627294,-0.848989118,-0.285387402,0.174353867,-1.416397642
9,107,-0.200649651,TJ Warren,,PHO,F,27,28.9,14,0.518518519,3.777777778,0.925925926,1.407407407,0.333333333,0.451149425,12.88888889,0.769230769,2.407407407,0.962962963,-0.114084836,-0.822746731,-0.691552798,-0.91471274,0.978882936,-0.573481034,-0.425429129,-0.13417484,0.891452317
9,108,-0.202549859,Danny Green,,SAS,G,32,25.82135417,7.75,2.03125,2.9375,1.84375,0.78125,0.625,0.448453608,6.0625,0.75,0.375,0.96875,-1.186241034,0.807199542,-0.99952211,-0.507708867,-0.512119711,-0.051163624,-0.217665872,-0.040453663,0.884726606
10,109,-0.205763249,Markieff Morris,,WAS,F,38,31.29692982,13.26315789,0.736842105,6.078947368,1.684210526,1.184210526,0.5,0.441647597,11.5,0.789473684,3,1.894736842,-0.240486409,-0.587506227,0.151846412,-0.57845574,0.447407724,-0.275013943,-0.574720917,-0.00348227,-0.191457873
10,110,-0.211938764,Gary Harris,,DEN,G,17,27.94803922,13,1.294117647,3.058823529,3.058823529,0.882352941,0.176470588,0.474285714,10.29411765,0.717391304,2.705882353,1,-0.285629828,0.012950102,-0.955055952,0.03110859,-0.271373932,-0.854391238,0.095412508,-0.528876892,0.84840777
10,111,-0.213159955,Seth Curry,,DAL,G,35,26.19238095,10.14285714,1.628571429,2.171428571,2.742857143,1.171428571,0.142857143,0.453020134,8.514285714,0.777777778,1.028571429,1.171428571,-0.775758376,0.37331921,-1.280294131,-0.10900491,0.416971402,-0.914586281,-0.244550113,-0.033709406,0.649173008
10,112,-0.21457994,Tim Frazier,,NOR,G,33,28.2020202,9.939393939,0.878787879,3.303030303,6.696969697,1.151515152,0.181818182,0.430147059,8.242424242,0.8125,2.424242424,2.212121212,-0.810661469,-0.434561711,-0.865551989,1.644423847,0.369553674,-0.844814754,-0.576903286,0.147619101,-0.560322869
10,113,-0.21603518,Michael Kidd-Gilchrist,,CHA,F,39,29.43974359,9,0.025641026,7.256410256,1.333333333,0.794871795,0.871794872,0.449324324,7.58974359,0.763636364,2.820512821,0.794871795,-0.971809795,-1.353815095,0.583397078,-0.734050239,-0.479683567,0.390797261,-0.266254658,-0.199705948,1.086808339
10,114,-0.216354751,Elfrid Payton,,ORL,G,42,28.78611111,11.88095238,0.595238095,3.833333333,5.833333333,1.142857143,0.595238095,0.456953642,10.78571429,0.618556701,2.30952381,1.952380952,-0.477596843,-0.740082498,-0.671191191,1.261449206,0.34893727,-0.104461319,-0.239120654,-1.066674709,-0.258452018
10,115,-0.220747417,JaMychal Green,,MEM,F,41,29.44552846,8.853658537,0.707317073,7.341463415,1.243902439,0.780487805,0.634146341,0.457746479,6.926829268,0.770833333,2.341463415,1.219512195,-0.99691394,-0.619319022,0.61456982,-0.773707861,-0.513934646,-0.034784333,-0.135537568,-0.120389292,0.593290087
10,116,-0.222604208,Will Barton,,DEN,G,26,28.65320513,13.42307692,1.346153846,4.769230769,2.576923077,0.923076923,0.384615385,0.440860215,10.73076923,0.755555556,3.461538462,1.576923077,-0.213053101,0.069018354,-0.328176421,-0.182587429,-0.174402206,-0.481645006,-0.55004068,-0.320457554,0.177906167
10,117,-0.226272562,D'Angelo Russell,,LAL,G,31,27.39623656,14.90322581,2.096774194,3.806451613,4.64516129,1.258064516,0.322580645,0.394160584,13.25806452,0.760416667,3.096774194,2.580645161,0.040859027,0.877800912,-0.681043582,0.734561061,0.623268447,-0.592736975,-1.804411675,-0.246127851,-0.988622426
10,118,-0.227565593,Garrett Temple,,SAC,G,39,25.70128205,7.538461538,1.256410256,2.717948718,2.076923077,1.128205128,0.487179487,0.443514644,6.128205128,0.825,1.025641026,1,-1.222529398,-0.027679065,-1.079989616,-0.40430959,0.314047972,-0.29797295,-0.274996757,0.096931297,0.84840777
10,119,-0.240484673,Julius Randle,,LAL,F,39,29.5034188,13.64102564,0.128205128,8.615384615,3.794871795,0.794871795,0.487179487,0.491566265,10.64102564,0.71686747,4.256410256,2.58974359,-0.17566509,-1.243303759,1.081473319,0.357505013,-0.479683567,-0.29797295,0.430347474,-0.837865853,-0.999196645
10,120,-0.244701579,Patty Mills,Questionable - tightness left calf,SAS,G,39,21.93675214,10.05128205,1.794871795,1.820512821,3.461538462,0.846153846,0,0.466666667,7.692307692,0.913043478,1.179487179,1.384615385,-0.791467624,0.552505448,-1.408907888,0.209690239,-0.357571022,-1.170415217,-0.028950331,0.391395482,0.401406702
11,121,-0.254052802,Jodie Meeks,,ORL,G,22,21.38939394,9,1.590909091,2.090909091,1.5,1.181818182,0.090909091,0.418300654,6.954545455,0.897435897,1.772727273,0.863636364,-0.971809795,0.332738587,-1.30980524,-0.660142852,0.441711086,-1.007614985,-0.632188831,0.51374685,1.006889966
11,122,-0.254630658,Courtney Lee,,NYK,G,35,30.87380952,9.8,1.428571429,2.828571429,1.885714286,0.857142857,0.285714286,0.444444444,8.485714286,0.852941176,0.971428571,0.771428571,-0.834573801,0.157822106,-1.039445404,-0.489100043,-0.331404048,-0.658757346,-0.375232135,0.164960631,1.114054119
11,123,-0.255249514,Kyle Korver,,CLE,G,35,27.51047619,9.342857143,1.971428571,2.885714286,2.228571429,0.685714286,0.371428571,0.443181818,7.542857143,0.888888889,0.771428571,1.2,-0.912994369,0.742742819,-1.018502037,-0.33706199,-0.73960884,-0.505259985,-0.348243993,0.205715556,0.615967214
11,124,-0.258935843,Darren Collison,,SAC,G,31,29.37688172,12.5483871,1.096774194,2,4.225806452,0.870967742,0.064516129,0.458598726,10.12903226,0.848101266,2.548387097,1.580645161,-0.36310176,-0.199684612,-1.343124234,0.548600539,-0.298484307,-1.054879569,-0.193054375,0.399725384,0.173580351
11,125,-0.265532277,Kyle O'Quinn,,NYK,F,38,15.48815789,6.342105263,0,5.710526316,1.105263158,0.421052632,1.289473684,0.5625,5.052631579,0.694444444,0.947368421,1,-1.427758325,-1.381442929,0.016816805,-0.835186663,-1.369819745,1.138777543,0.86426648,-0.243851426,0.84840777
11,126,-0.267603968,Malcolm Brogdon,,MIL,G,38,24.34605263,9.210526316,0.973684211,2.763157895,3.973684211,0.947368421,0.105263158,0.456445993,7.552631579,0.894736842,1.5,1.447368421,-0.93569506,-0.332312287,-1.063420049,0.436798363,-0.116559421,-0.981909685,-0.167587899,0.423775376,0.328474948
11,127,-0.267661719,Nikola Mirotic,Injured - illness,CHI,F,36,23.31805556,9.5,1.611111111,5.5,0.861111111,0.75,0.888888889,0.387417219,8.388888889,0.757575758,1.833333333,1.138888889,-0.886037299,0.354505971,-0.06034297,-0.943454502,-0.586532043,0.421409271,-1.235689264,-0.159805353,0.686990717
11,128,-0.270499724,Derrick Rose,,NYK,G,35,31.99857143,17.51428571,0.342857143,3.857142857,4.4,0.714285714,0.342857143,0.450549451,15.6,0.858267717,3.628571429,2.4,0.488773277,-1.012019321,-0.662464788,0.625845679,-0.671574708,-0.556425772,-0.536602121,0.668646355,-0.778676118
11,129,-0.271491482,Marreese Speights,,LAC,C,42,16.20753968,9.976190476,1.357142857,4.952380952,0.80952381,0.261904762,0.523809524,0.453947368,7.238095238,0.868686869,2.357142857,0.714285714,-0.804349208,0.080858854,-0.261050243,-0.966330598,-1.748781795,-0.232375787,-0.192365966,0.500505701,1.180465706
11,130,-0.275227333,Marvin Williams,,CHA,F,34,27.2254902,10.55882353,1.735294118,5.264705882,1.235294118,0.588235294,0.470588235,0.393846154,9.558823529,0.814814815,1.588235294,0.735294118,-0.704401425,0.488311363,-0.146580366,-0.777525172,-0.971725289,-0.327684606,-1.300064645,0.106574462,1.156049681
11,131,-0.275245361,Tristan Thompson,,CLE,C,39,28.92692308,7.282051282,0,9.897435897,0.769230769,0.58974359,1.153846154,0.583333333,4.923076923,0.504201681,3.051282051,0.871794872,-1.266515293,-1.381442929,1.551356566,-0.984198317,-0.968133744,0.895895416,1.028134891,-2.349712963,0.997408126
11,132,-0.280377261,Robin Lopez,,CHI,C,41,27.94349593,9.024390244,0,7.146341463,0.780487805,0.170731707,1.658536585,0.470588235,8.707317073,0.68,1.219512195,1.073170732,-0.967625771,-1.381442929,0.543055882,-0.979206449,-1.965882582,1.799696327,0.025982633,-0.361341003,0.763368542
12,133,-0.280599925,Jordan Clarkson,,LAL,G,44,27.19280303,13.81818182,1.363636364,2.863636364,2.159090909,1.204545455,0.113636364,0.449626866,12.18181818,0.76744186,1.954545455,1.772727273,-0.145274835,0.087855513,-1.026593792,-0.367872731,0.495829146,-0.966914927,-0.434384603,-0.118385086,-0.049658013
12,134,-0.282824871,Reggie Jackson,,DET,G,21,28.88412698,16.33333333,1.476190476,2.142857143,5.333333333,0.80952381,0.095238095,0.43537415,14,0.848484848,3.142857143,2.571428571,0.286186811,0.20913094,-1.290765815,1.039727045,-0.444794268,-0.999862593,-0.863386955,0.496251875,-0.97791088
12,135,-0.283573892,Marcus Smart,,BOS,G,37,30.41891892,10.10810811,1.243243243,3.756756757,4.432432432,1.378378378,0.405405405,0.367052023,9.351351351,0.762886598,2.621621622,1.918918919,-0.781719399,-0.041866331,-0.69925719,0.640227657,0.909759168,-0.444414184,-1.724401231,-0.19093117,-0.21956235
12,136,-0.284644071,Devin Booker,,PHO,G,39,33.80042735,20.25641026,1.820512821,2.820512821,3.102564103,0.974358974,0.230769231,0.422907489,17.46153846,0.82183908,4.461538462,2.769230769,0.959171009,0.580133282,-1.042398956,0.050505098,-0.052289661,-0.75715309,-1.476065294,0.384098115,-1.207797144
12,137,-0.28589493,Deron Williams,,DAL,G,31,30.39247312,14.03225806,1.677419355,2.483870968,6.806451613,0.580645161,0.064516129,0.425531915,12.12903226,0.863013699,2.35483871,2.483870968,-0.108551127,0.425952144,-1.165781202,1.692972981,-0.989798873,-1.054879569,-0.960825298,0.464007768,-0.87615119
12,138,-0.286982754,Channing Frye,,CLE,F,32,18.7828125,9.40625,2.0625,3.15625,0.59375,0.46875,0.4375,0.444444444,7.3125,0.870967742,0.96875,0.6875,-0.902119642,0.840870965,-0.919348281,-1.062014268,-1.256243028,-0.386939102,-0.32022287,0.211575304,1.211596137
12,139,-0.289876395,Dirk Nowitzki,,DAL,F,14,24.55833333,13.21428571,1.571428571,5.428571429,1.571428571,0.357142857,0.5,0.395348837,12.28571429,0.9,2.142857143,1,-0.248870187,0.311748609,-0.08652218,-0.628468258,-1.522001356,-0.275013943,-1.644019003,0.635850992,0.84840777
12,140,-0.290259288,Allen Crabbe,,POR,G,42,29.41150794,10.88095238,1.619047619,3.071428571,1.214285714,0.571428571,0.19047619,0.465317919,8.238095238,0.858974359,1.857142857,0.904761905,-0.649141834,0.363057444,-0.950436092,-0.786841229,-1.011745367,-0.82930997,-0.052701262,0.345690974,0.959093748
12,141,-0.291610207,Montrezl Harrell,,HOU,F,33,18.98535354,9.636363636,0.03030303,3.939393939,1.121212121,0.424242424,0.757575758,0.657004831,6.272727273,0.633802817,2.151515152,0.878787879,-0.8626448,-1.348791852,-0.632319032,-0.828114186,-1.362224228,0.18625338,2.139360106,-0.905292085,0.989280833
12,142,-0.292829204,Andre Roberson,,OKC,G,41,31.12682927,6.926829268,0.780487805,4.585365854,1.048780488,1.195121951,1,0.443137255,6.219512195,0.419354839,1.512195122,0.707317073,-1.327451851,-0.540478617,-0.395564555,-0.860233582,0.47338995,0.620387331,-0.283675422,-1.510400773,1.18856468
12,143,-0.299251934,JR Smith,Injured - right thumb surgery,CLE,G,21,28.91587302,8.619047619,2.380952381,2.142857143,1.19047619,1.238095238,0.428571429,0.336956522,8.761904762,0.777777778,0.428571429,0.714285714,-1.037160268,1.183998795,-1.290765815,-0.797399428,0.57571771,-0.40292841,-2.091070249,-0.014125446,1.180465706
12,144,-0.301265192,Marcus Morris,,DET,F,41,32.06300813,13.24390244,1.512195122,4.024390244,1.951219512,0.804878049,0.292682927,0.407407407,12.51219512,0.818181818,1.87804878,1.12195122,-0.243789586,0.247925425,-0.601167127,-0.460052122,-0.455856729,-0.646277886,-1.401934964,0.143090538,0.706675724
13,145,-0.30265702,PJ Tucker,,PHO,F,40,27.37375,6.25,0.7,5.5,1.1,1.325,0.25,0.396475771,5.675,0.777777778,1.35,0.9,-1.443558522,-0.627203062,-0.06034297,-0.83752058,0.782654861,-0.72271458,-0.735655559,-0.044200814,0.964628047
13,146,-0.303309821,Mike Muscala,,ATL,C,39,20.98162393,7.769230769,0.794871795,3.794871795,1.435897436,0.564102564,0.641025641,0.510729614,5.974358974,0.772727273,1.128205128,0.871794872,-1.182942092,-0.524980076,-0.685287688,-0.68856877,-1.029190016,-0.022464865,0.458556679,-0.052319685,0.997408126
13,147,-0.304224785,James Ennis,,MEM,F,28,25.45357143,8.25,0.964285714,4.392857143,1.142857143,0.857142857,0.25,0.469512195,5.857142857,0.806451613,2.214285714,0.928571429,-1.100468538,-0.342439031,-0.466120717,-0.818515824,-0.331404048,-0.72271458,0.013493767,0.098723651,0.931422254
13,148,-0.304277374,Patrick Patterson,Questionable - knee,TOR,F,33,27.99848485,7.121212121,1.606060606,5.515151515,1.575757576,0.848484848,0.363636364,0.365296804,6.636363636,0.709677419,0.939393939,0.696969697,-1.294106446,0.349064125,-0.054789805,-0.626548585,-0.352020452,-0.51921429,-1.238241518,-0.203229827,1.200590429
13,149,-0.306992482,Alex Len,,PHO,C,38,21.19035088,8.105263158,0,6.789473684,0.605263158,0.421052632,1.447368421,0.5,6,0.727272727,2.894736842,1.315789474,-1.125297419,-1.381442929,0.412260653,-1.056908823,-1.369819745,1.42153584,0.344024794,-0.488681073,0.481396366
13,150,-0.312999484,Kelly Olynyk,,BOS,C,34,20.88235294,8.411764706,1.117647059,4.205882353,2,0.735294118,0.441176471,0.466367713,6.558823529,0.740740741,1.588235294,1.176470588,-1.072718613,-0.177194402,-0.534648648,-0.438420692,-0.621549611,-0.380355269,-0.024893227,-0.210528058,0.643313162
13,151,-0.316159585,Zach Randolph,,MEM,F,35,23.26428571,13.74285714,0.285714286,7.914285714,1.771428571,0.571428571,0.2,0.453159041,13.11428571,0.753424658,2.085714286,1.285714286,-0.158196406,-1.073589922,0.824514309,-0.539779393,-1.011745367,-0.812254707,-0.385612376,-0.205122235,0.516349833
13,152,-0.319177519,Andre Iguodala,,GSW,F,39,25.07051282,5.692307692,0.717948718,3.615384615,3.282051282,0.820512821,0.358974359,0.470588235,4.794871795,0.580645161,0.794871795,0.641025641,-1.539227844,-0.607863578,-0.751071343,0.130097669,-0.418627294,-0.52756302,0.024482084,-0.448433113,1.265608766
13,153,-0.327972516,Dewayne Dedmon,,SAS,C,34,15.50588235,4.735294118,0,5.764705882,0.5,0.558823529,0.941176471,0.589285714,3.294117647,0.69047619,1.235294118,0.588235294,-1.70339873,-1.381442929,0.0366741,-1.103587173,-1.041760425,0.515046005,0.730888789,-0.331134132,1.326961854
13,154,-0.329001057,JJ Barea,,DAL,G,14,26.4547619,12.07142857,1.428571429,3,5.214285714,0.642857143,0.071428571,0.383647799,11.35714286,0.964285714,2,1.714285714,-0.444921606,0.157822106,-0.976615301,0.986936055,-0.841660037,-1.042500749,-1.758332463,0.939999554,0.018262929
13,155,-0.329691742,Josh Richardson,Questionable - foot,MIA,G,28,31.25595238,11.21428571,1.607142857,3.285714286,2.75,0.964285714,0.5,0.394822006,11.03571429,0.735294118,1.214285714,1.5,-0.59196017,0.350230235,-0.871898464,-0.105837451,-0.076276054,-0.275013943,-1.484958167,-0.178818047,0.267306381
13,156,-0.330424442,Bojan Bogdanovic,,BKN,F,39,26.76196581,14.20512821,1.871794872,3.307692308,1.666666667,0.41025641,0.051282051,0.446511628,11.02564103,0.85840708,2.897435897,1.461538462,-0.07889612,0.63538895,-0.863843322,-0.586235465,-1.395527649,-1.078579189,-0.453112562,0.534978891,0.312006488
14,157,-0.333428245,Manu Ginobili,,SAS,G,34,19.02205882,7.823529412,1.352941176,2.529411765,2.5,1.147058824,0.323529412,0.369369369,6.529411765,0.888888889,1.852941176,1.411764706,-1.173627432,0.076331604,-1.149090093,-0.216698531,0.35894229,-0.591037922,-1.169840433,0.49431263,0.369853685
14,158,-0.335092713,Zaza Pachulia,,GSW,C,36,18.54166667,5.583333333,0,5.694444444,2.083333333,0.805555556,0.472222222,0.535211268,3.944444444,0.830508475,1.638888889,1.361111111,-1.55792185,-1.381442929,0.010922655,-0.401466998,-0.454243453,-0.324758458,0.485049979,0.179303205,0.428723433
14,159,-0.338627999,Marco Belinelli,,CHA,G,35,24.82380952,10.54285714,1.628571429,2.657142857,1.828571429,0.628571429,0.142857143,0.430508475,8.428571429,0.852941176,1.942857143,0.914285714,-0.707140379,0.37331921,-1.102275507,-0.514439718,-0.875677103,-0.914586281,-0.584935525,0.330058163,0.94802515
14,160,-0.342445334,Luol Deng,,LAL,F,42,27.40793651,8.285714286,1.023809524,5.714285714,1.595238095,0.952380952,0.285714286,0.396449704,8.047619048,0.685185185,1.285714286,0.80952381,-1.094341932,-0.278302987,0.018194658,-0.61791006,-0.104623609,-0.658757346,-1.053066371,-0.362980083,1.069779727
14,161,-0.343987898,Rodney Hood,Questionable - knee,UTA,G,37,29.3045045,14,2.054054054,3.648648649,1.972972973,0.594594595,0.189189189,0.417748918,12.48648649,0.746666667,2.027027027,1.243243243,-0.114084836,0.83177058,-0.738879778,-0.450405673,-0.956582557,-0.831614735,-1.165526573,-0.23627731,0.565709797
14,162,-0.350208413,John Henson,,MIL,C,36,20.02592593,6.694444444,0,5.166666667,1.083333333,0.472222222,1.388888889,0.492307692,5.416666667,0.690140845,1.972222222,1,-1.367316303,-1.381442929,-0.182512614,-0.844911319,-1.247974991,1.316810545,0.237440899,-0.530376772,0.84840777
14,163,-0.350495623,Amir Johnson,,BOS,F,39,20.32478632,6.41025641,0.307692308,4.487179487,1.871794872,0.615384615,0.666666667,0.532258065,4.769230769,0.689655172,1.487179487,0.897435897,-1.416067337,-1.049908921,-0.431550735,-0.495272528,-0.907077472,0.023453149,0.55627309,-0.401917903,0.967608054
14,164,-0.350634292,Evan Turner,,POR,G,39,25.67435897,9.333333333,0.512820513,3.974358974,3.282051282,0.871794872,0.358974359,0.430722892,8.512820513,0.852941176,1.743589744,1.564102564,-0.914628131,-0.82888625,-0.619504034,0.130097669,-0.29651475,-0.52756302,-0.587708316,0.296192003,0.192806203
14,165,-0.354232599,Wayne Ellington,,MIA,G,21,26.48492063,10.80952381,2,1.714285714,1.523809524,0.571428571,0.142857143,0.408866995,9.666666667,0.863636364,1.047619048,0.380952381,-0.661395048,0.773528119,-1.447841072,-0.649584654,-1.011745367,-0.914586281,-1.052445414,0.208109697,1.567866632
14,166,-0.355326851,Rajon Rondo,,CHI,G,32,29.53645833,7.25,0.59375,6.1875,7.03125,1.34375,0.1875,0.366300366,8.53125,0.541666667,0.75,2.65625,-1.27201353,-0.741685899,0.191631921,1.792658549,0.82730226,-0.834639739,-1.582782434,-0.50192221,-1.07649058
14,167,-0.360230754,Joe Ingles,,UTA,F,42,20.0515873,6.357142857,1.285714286,2.595238095,2.142857143,0.904761905,0.071428571,0.476923077,4.642857143,0.771428571,0.833333333,0.952380952,-1.425178701,0.003895602,-1.124964155,-0.375071503,-0.218013829,-1.042500749,0.077603866,-0.041598072,0.903750759
14,168,-0.361565516,Aaron Gordon,,ORL,F,42,27.23928571,11.5952381,1.166666667,4.571428571,1.833333333,0.714285714,0.476190476,0.444444444,10.07142857,0.632653061,2.333333333,1.095238095,-0.526609697,-0.124376484,-0.400672693,-0.512328078,-0.671574708,-0.317652099,-0.449582557,-0.989015115,0.737721791
15,169,-0.361687478,Monta Ellis,,IND,G,31,28.6672043,9.096774194,0.516129032,2.935483871,3.290322581,1.032258065,0.419354839,0.444915254,7.612903226,0.861538462,2.096774194,2.032258065,-0.955208666,-0.825321368,-1.000261039,0.133765529,0.08557934,-0.419433503,-0.327827345,0.40480517,-0.35128542
15,170,-0.364529425,Joakim Noah,,NYK,C,36,22.77314815,5.722222222,0,8.777777778,2.305555556,0.694444444,0.833333333,0.508474576,4.916666667,0.426229508,1.694444444,1.305555556,-1.534096156,-1.381442929,1.140991864,-0.302923816,-0.718820633,0.32192024,0.361335995,-1.661019646,0.493290254
15,171,-0.36511999,Sean Kilpatrick,,BKN,G,39,27.11666667,14.56410256,1.564102564,4.333333333,2.461538462,0.769230769,0.128205128,0.423076923,11.33333333,0.83125,4.102564103,2.487179487,-0.017315867,0.303854942,-0.487936725,-0.233754082,-0.540739839,-0.940825147,-0.946614819,0.457247981,-0.87999636
15,172,-0.365567108,Tyreke Evans,,NOR,G,13,17.24102564,9.538461538,0.923076923,3.076923077,3.846153846,0.615384615,0.153846154,0.412844037,8.384615385,0.956521739,1.769230769,1.384615385,-0.879439415,-0.386840907,-0.948422307,0.380245747,-0.907077472,-0.894907133,-0.849567131,0.794497938,0.401406702
15,173,-0.365849912,TJ McConnell,Probable - wrist,PHI,G,38,22.29912281,4.815789474,0.157894737,2.736842105,5.394736842,1.473684211,0.078947368,0.424731183,4.894736842,0.703703704,0.710526316,1.684210526,-1.689590155,-1.211313636,-1.07306502,1.066956082,1.136700902,-1.029036068,-0.381327623,-0.165190089,0.053216396
15,174,-0.377828202,Richaun Holmes,,PHI,F,21,16.02460317,6.904761905,0.333333333,4.333333333,0.857142857,0.619047619,0.904761905,0.512820513,5.571428571,0.620689655,1.380952381,0.857142857,-1.331237396,-1.022281088,-0.487936725,-0.945214201,-0.898355147,0.449834708,0.450220591,-0.629921301,1.014436738
15,175,-0.3793038,Terrence Jones,,NOR,F,39,24.37991453,10.61538462,0.307692308,5.871794872,1.102564103,0.641025641,1.051282051,0.478134111,8.794871795,0.592,3.205128205,1.051282051,-0.694698654,-1.049908921,0.075923171,-0.836383544,-0.8460212,0.71222336,0.1460123,-1.709688338,0.788807627
15,176,-0.384141103,Luc Mbah a Moute,,LAC,F,40,23.48791667,6.575,0.65,2.55,0.425,1.075,0.525,0.480582524,5.15,0.696428571,1.4,0.725,-1.387806399,-0.681077338,-1.141544321,-1.136845497,0.187356207,-0.230243879,0.117683434,-0.352805667,1.168013533
15,177,-0.384923584,Tony Snell,,MIL,F,37,29.36621622,8.432432432,1.675675676,3.567567568,1.27027027,0.459459459,0.189189189,0.436090226,7.189189189,0.782608696,0.621621622,0.648648649,-1.069173168,0.424073355,-0.768596718,-0.762015196,-1.278365613,-0.831614735,-0.423037082,-0.012332383,1.256749286
15,178,-0.386474791,E'Twaun Moore,,NOR,G,37,24.86306306,9.810810811,1.162162162,2.081081081,2.378378378,0.594594595,0.459459459,0.452887538,8.891891892,0.733333333,0.810810811,1.081081081,-0.832719261,-0.129230022,-1.313407293,-0.270630948,-0.956582557,-0.347614046,-0.25853189,-0.123732216,0.754175112
15,179,-0.387199728,Vince Carter,,MEM,G,35,23.55190476,7.942857143,1.485714286,3.342857143,1.657142857,0.771428571,0.457142857,0.387755102,7,0.666666667,1.542857143,0.6,-1.153157357,0.219392707,-0.850955096,-0.590458744,-0.535506444,-0.351762623,-1.023079547,-0.512559331,1.31328888
15,180,-0.387275163,Justin Hamilton,,BKN,C,34,20.39019608,6.882352941,1.058823529,4.588235294,0.882352941,0.588235294,0.617647059,0.424528302,6.235294118,0.72,0.735294118,0.794117647,-1.335081542,-0.240575903,-0.394512879,-0.934034933,-0.971725289,-0.06433129,-0.494253346,-0.138646098,1.087684812
16,181,-0.391515896,Jared Dudley,,PHO,F,30,22.74111111,7.966666667,1.466666667,3.5,1.666666667,0.733333333,0.233333333,0.491428571,5.833333333,0.621621622,1.233333333,1.3,-1.149072953,0.198869173,-0.793360835,-0.586235465,-0.62621862,-0.752561289,0.244691382,-0.559501392,0.499746936
16,182,-0.39284254,Al-Farouq Aminu,,POR,F,24,28.01597222,7,0.875,7.083333333,2.291666667,1,0.666666667,0.346368715,7.458333333,0.605263158,1.583333333,1.375,-1.314899778,-0.438643095,0.519962839,-0.309082765,0.008766611,0.023453149,-1.649669037,-0.788052512,0.412581728
16,183,-0.39334358,Sergio Rodriguez,,PHI,G,34,25.4377451,8.823529412,1.529411765,2.705882353,5.823529412,0.941176471,0.117647059,0.394039735,8.882352941,0.833333333,0.352941176,2.352941176,-1.00208244,0.266476108,-1.084412046,1.257101712,-0.131303661,-0.959732564,-1.203348646,0.041193541,-0.723984223
16,184,-0.3946499,Andrew Wiggins,,MIN,F,40,36.83583333,21.95,1.225,4.225,2.275,0.725,0.35,0.444751381,18.1,0.728346457,6.35,2.45,1.249697847,-0.061523162,-0.527641859,-0.316473503,-0.646061908,-0.543634325,-0.815978305,-1.053447627,-0.836786257
16,185,-0.396839299,Spencer Hawes,,CHA,F,28,17.1577381,7.285714286,0.535714286,3.857142857,1.75,0.428571429,0.714285714,0.485549133,6.178571429,0.84,0.892857143,1.178571429,-1.265886923,-0.804218541,-0.662464788,-0.549281772,-1.351916026,0.108729461,0.192150185,0.120463156,0.640871559
16,186,-0.407473957,Langston Galloway,,NOR,G,40,21.0925,9.275,1.875,2.225,1.3,0.925,0.1,0.381766382,8.775,0.756756757,0.925,0.65,-0.924634922,0.638842429,-1.260659724,-0.748831716,-0.169822985,-0.991334962,-1.383263633,-0.082738842,1.255178742
16,187,-0.408226099,Iman Shumpert,,CLE,G,38,24.16096491,7.105263158,1.157894737,2.763157895,1.684210526,0.921052632,0.315789474,0.426605505,5.736842105,0.784313725,1.342105263,1.184210526,-1.29684241,-0.133828111,-1.063420049,-0.57845574,-0.179222438,-0.604898623,-0.431385781,-0.020299521,0.634317784
16,188,-0.412603608,Jeremy Lamb,Questionable - foot,CHA,G,28,17.79107143,9.214285714,0.535714286,4.75,1.214285714,0.357142857,0.392857143,0.439814815,7.714285714,0.828125,2.285714286,0.607142857,-0.935050154,-0.804218541,-0.33522467,-0.786841229,-1.522001356,-0.466885644,-0.403637475,0.235439166,1.304987432
